1000 3
1007 9
1221 4
1227 8
1460 5
1470 4
1700 9
1714 2
1935 3
1940 4
2158 8
2170 10
2383 9
2395 3
2642 8
2653 2
2868 8
2879 2
3130 6
3137 10
3358 4
3365 6
3585 4
3593 9
3807 2
3814 8
4066 10
4077 5
4299 3
4303 5
4542 7
4552 8
4772 6
4782 3
4999 10
5010 2
5235 7
5247 7
5459 6
5469 4
5696 3
5701 7
5915 9
5925 8
6141 2
6144 8
6383 6
6390 10
6636 7
6646 10
6900 3
6906 7
7156 7
7168 4
7382 3
7387 7
7642 4
7651 3
7876 3
7883 8
8097 4
8104 9
8363 4
8371 6
8600 8
8609 6
8824 4
8831 3
9054 4
9061 7
9318 8
9328 10
9555 9
9565 8
9814 6
9821 5
10038 8
10050 9
10268 7
10280 10
10540 4
10548 6
10764 6
10772 5
11021 10
11036 8
11268 9
11282 4
11499 8
11509 10
11743 2
11747 7
11992 9
12005 8
12231 10
12246 4
12480 4
12486 2
12733 2
12739 9
12992 4
12997 3
13237 9
13251 5
13482 10
13494 3
13724 6
13735 5
13980 8
13991 9
14205 7
14214 8
14458 6
14465 9
14686 10
14699 9
14951 4
14959 8
15200 4
15209 5
15464 8
15476 9
15713 3
15720 8
15963 5
15973 10
16232 4
16239 9
16466 4
16475 2
16724 9
16737 8
16983 6
16991 8
17209 6
17219 2
17432 2
17439 5
17693 7
17701 2
17946 4
17954 4
18191 9
18202 9
18424 10
18437 9
18676 8
18686 2
18911 4
18920 3
19156 6
19166 9
19385 9
19399 4
19651 2
19658 6
19895 5
19902 9
20138 6
20148 2
20376 3
20383 9
20630 8
20639 6
20852 5
20862 4
21075 3
21080 6
21327 2
21332 7
21569 8
21582 10
21823 7
21835 9
22052 9
22065 9
22287 3
22294 2
22514 5
22521 10
22746 6
22754 4
22980 2
22983 5
23216 6
23227 7
23480 6
23488 8
23728 3
23735 4
23965 5
23973 5
24191 7
24203 7
24460 4
24468 8
24717 3
24721 9
24939 6
24950 9
