2000 10
2011 10
2023 10
2038 10
2058 10
2088 10 
2128 10
2178 10
2238 10
2249 10
2261 10
2276 10
2296 10
2326 10
2366 10
2416 10
2476 10
2487 10
2499 10
2514 10
2534 10
2564 10
2604 10
2654 10
2714 10
2725 10
2737 10
2752 10
2772 10
2802 10
2842 10
2892 10
2952 10
2963 10
2975 10
2990 10
3010 10
3040 10
3080 10
3130 10
3190 10
3201 10
3213 10
3228 10
3248 10
3278 10
3318 10
3368 10
3428 10
3439 10
3451 10
3466 10
3486 10
3516 10
3556 10
3606 10
3666 10
3677 10
3689 10
3704 10
3724 10
3754 10
3794 10
3844 10
3904 10
3915 10
3927 10
3942 10
3962 10
3992 10
4032 10
4082 10
4142 10
4153 10
4165 10
4180 10
4200 10
4230 10
4270 10
4320 10
