2000 10
122010 10
122020 10
242030 10
242040 10
362050 10
362060 10
482070 10
482080 10
602090 10
602100 10
722110 10
722120 10
842130 10
842140 10
962150 10
962160 10
1082170 10
1082180 10
1202190 10
1202200 10
1322210 10
1322220 10
1442230 10
1442240 10
1562250 10
1562260 10
1682270 10
1682280 10
1802290 10
1802300 10
1922310 10
1922320 10
2042330 10
2042340 10
2162350 10
2162360 10
2282370 10
2282380 10
2402390 10
2402400 10
2522410 10
2522420 10
2642430 10
2642440 10
2762450 10
2762460 10
2882470 10
2882480 10
3002490 10
3002500 10
3122510 10
3122520 10
3242530 10
3242540 10
3362550 10
3362560 10
3482570 10
3482580 10
3602590 10
3602600 10
3722610 10
3722620 10
3842630 10
3842640 10
3962650 10
3962660 10
4082670 10
4082680 10
4202690 10
4202700 10
4322710 10
4322720 10
4442730 10
4442740 10
4562750 10
4562760 10
4682770 10
4682780 10
4802790 10
4802800 10
4922810 10
4922820 10
5042830 10
5042840 10
5162850 10
5162860 10
5282870 10
5282880 10
5402890 10
5402900 10
5522910 10
5522920 10
5642930 10
5642940 10
5762950 10
5762960 10
5882970 10
5882980 10
6002990 10
