2000 10
122010 10
122024 10
242034 10
242048 10
362058 10
362072 10
482082 10
482096 10
602106 10
602120 10
722130 10
722144 10
842154 10
842168 10
962178 10
962192 10
1082202 10
1082216 10
1202226 10
1202240 10
1322250 10
1322264 10
1442274 10
1442288 10
1562298 10
1562312 10
1682322 10
1682336 10
1802346 10
1802360 10
1922370 10
1922384 10
2042394 10
2042408 10
2162418 10
2162432 10
2282442 10
2282456 10
2402466 10
2402480 10
2522490 10
2522504 10
2642514 10
2642528 10
2762538 10
2762552 10
2882562 10
2882576 10
3002586 10
3002600 10
3122610 10
3122624 10
3242634 10
3242648 10
3362658 10
3362672 10
3482682 10
3482696 10
3602706 10
3602720 10
3722730 10
3722744 10
3842754 10
3842768 10
3962778 10
3962792 10
4082802 10
4082816 10
4202826 10
4202840 10
4322850 10
4322864 10
4442874 10
4442888 10
4562898 10
4562912 10
4682922 10
4682936 10
4802946 10
4802960 10
4922970 10
4922984 10
5042994 10
5043008 10
5163018 10
5163032 10
5283042 10
5283056 10
5403066 10
5403080 10
5523090 10
5523104 10
5643114 10
5643128 10
5763138 10
5763152 10
5883162 10
5883176 10
6003186 10
