active_time	inactive_time	time_no_dpm	time_dpm	time_run	time_idle	time_sleep	time_waiting	time_transitions	transitions	energy_transitions	energy_no_dpm	energy_dpm	timeout
2.924000	1079.652000	1082.576000		2.932500	1079.576000	0.000000	0.008500	0.068000	170	0.001700	29.879098	0.697995	0
2.924000	1079.652000	1082.576000		3.010400	1079.510900	0.000000	0.086400	0.055200	138	0.001380	29.879098	0.699788	1
2.924000	1079.652000	1082.576000		3.078500	1079.446800	0.000000	0.154500	0.051200	128	0.001280	29.879098	0.701531	2
2.924000	1079.652000	1082.576000		3.137600	1079.406100	0.000000	0.213600	0.032800	82	0.000820	29.879098	0.702679	3
2.924000	1079.652000	1082.576000		3.180100	1079.388800	0.000000	0.256100	0.007200	18	0.000180	29.879098	0.703202	4
2.924000	1079.652000	1082.576000		3.189100	1079.379800	0.000000	0.265100	0.007200	18	0.000180	29.879098	0.703446	5
2.924000	1079.652000	1082.576000		3.198100	1079.370800	0.000000	0.274100	0.007200	18	0.000180	29.879098	0.703689	6
2.924000	1079.652000	1082.576000		3.207100	1079.361800	0.000000	0.283100	0.007200	18	0.000180	29.879098	0.703932	7
2.924000	1079.652000	1082.576000		3.216100	1079.352800	0.000000	0.292100	0.007200	18	0.000180	29.879098	0.704175	8
2.924000	1079.652000	1082.576000		3.225100	1079.343800	0.000000	0.301100	0.007200	18	0.000180	29.879098	0.704419	9
2.924000	1079.652000	1082.576000		3.234100	1079.334800	0.000000	0.310100	0.007200	18	0.000180	29.879098	0.704662	10
2.924000	1079.652000	1082.576000		3.243100	1079.325800	0.000000	0.319100	0.007200	18	0.000180	29.879098	0.704905	11
2.924000	1079.652000	1082.576000		3.252100	1079.316800	0.000000	0.328100	0.007200	18	0.000180	29.879098	0.705149	12
2.924000	1079.652000	1082.576000		3.261100	1079.307800	0.000000	0.337100	0.007200	18	0.000180	29.879098	0.705392	13
2.924000	1079.652000	1082.576000		3.270100	1079.298800	0.000000	0.346100	0.007200	18	0.000180	29.879098	0.705635	14
2.924000	1079.652000	1082.576000		3.279100	1079.289800	0.000000	0.355100	0.007200	18	0.000180	29.879098	0.705878	15
2.924000	1079.652000	1082.576000		3.288100	1079.280800	0.000000	0.364100	0.007200	18	0.000180	29.879098	0.706122	16
2.924000	1079.652000	1082.576000		3.297100	1079.271800	0.000000	0.373100	0.007200	18	0.000180	29.879098	0.706365	17
2.924000	1079.652000	1082.576000		3.306100	1079.262800	0.000000	0.382100	0.007200	18	0.000180	29.879098	0.706608	18
2.924000	1079.652000	1082.576000		3.315100	1079.253800	0.000000	0.391100	0.007200	18	0.000180	29.879098	0.706851	19
2.924000	1079.652000	1082.576000		3.324100	1079.244800	0.000000	0.400100	0.007200	18	0.000180	29.879098	0.707095	20
2.924000	1079.652000	1082.576000		3.333100	1079.235800	0.000000	0.409100	0.007200	18	0.000180	29.879098	0.707338	21
2.924000	1079.652000	1082.576000		3.342100	1079.226800	0.000000	0.418100	0.007200	18	0.000180	29.879098	0.707581	22
2.924000	1079.652000	1082.576000		3.351100	1079.217800	0.000000	0.427100	0.007200	18	0.000180	29.879098	0.707825	23
2.924000	1079.652000	1082.576000		3.360100	1079.208800	0.000000	0.436100	0.007200	18	0.000180	29.879098	0.708068	24
2.924000	1079.652000	1082.576000		3.369100	1079.199800	0.000000	0.445100	0.007200	18	0.000180	29.879098	0.708311	25
2.924000	1079.652000	1082.576000		3.378100	1079.190800	0.000000	0.454100	0.007200	18	0.000180	29.879098	0.708554	26
2.924000	1079.652000	1082.576000		3.387100	1079.181800	0.000000	0.463100	0.007200	18	0.000180	29.879098	0.708798	27
2.924000	1079.652000	1082.576000		3.396100	1079.172800	0.000000	0.472100	0.007200	18	0.000180	29.879098	0.709041	28
2.924000	1079.652000	1082.576000		3.405100	1079.163800	0.000000	0.481100	0.007200	18	0.000180	29.879098	0.709284	29
2.924000	1079.652000	1082.576000		3.414100	1079.154800	0.000000	0.490100	0.007200	18	0.000180	29.879098	0.709527	30
2.924000	1079.652000	1082.576000		3.423100	1079.145800	0.000000	0.499100	0.007200	18	0.000180	29.879098	0.709771	31
2.924000	1079.652000	1082.576000		3.432100	1079.136800	0.000000	0.508100	0.007200	18	0.000180	29.879098	0.710014	32
2.924000	1079.652000	1082.576000		3.441100	1079.127800	0.000000	0.517100	0.007200	18	0.000180	29.879098	0.710257	33
2.924000	1079.652000	1082.576000		3.450100	1079.118800	0.000000	0.526100	0.007200	18	0.000180	29.879098	0.710500	34
2.924000	1079.652000	1082.576000		3.459100	1079.109800	0.000000	0.535100	0.007200	18	0.000180	29.879098	0.710744	35
2.924000	1079.652000	1082.576000		3.468100	1079.100800	0.000000	0.544100	0.007200	18	0.000180	29.879098	0.710987	36
2.924000	1079.652000	1082.576000		3.477100	1079.091800	0.000000	0.553100	0.007200	18	0.000180	29.879098	0.711230	37
2.924000	1079.652000	1082.576000		3.486100	1079.082800	0.000000	0.562100	0.007200	18	0.000180	29.879098	0.711474	38
2.924000	1079.652000	1082.576000		3.495100	1079.073800	0.000000	0.571100	0.007200	18	0.000180	29.879098	0.711717	39
2.924000	1079.652000	1082.576000		3.504100	1079.064800	0.000000	0.580100	0.007200	18	0.000180	29.879098	0.711960	40
2.924000	1079.652000	1082.576000		3.513100	1079.055800	0.000000	0.589100	0.007200	18	0.000180	29.879098	0.712203	41
2.924000	1079.652000	1082.576000		3.522100	1079.046800	0.000000	0.598100	0.007200	18	0.000180	29.879098	0.712447	42
2.924000	1079.652000	1082.576000		3.531100	1079.037800	0.000000	0.607100	0.007200	18	0.000180	29.879098	0.712690	43
2.924000	1079.652000	1082.576000		3.540100	1079.028800	0.000000	0.616100	0.007200	18	0.000180	29.879098	0.712933	44
2.924000	1079.652000	1082.576000		3.549100	1079.019800	0.000000	0.625100	0.007200	18	0.000180	29.879098	0.713176	45
2.924000	1079.652000	1082.576000		3.558100	1079.010800	0.000000	0.634100	0.007200	18	0.000180	29.879098	0.713420	46
2.924000	1079.652000	1082.576000		3.567100	1079.001800	0.000000	0.643100	0.007200	18	0.000180	29.879098	0.713663	47
2.924000	1079.652000	1082.576000		3.576100	1078.992800	0.000000	0.652100	0.007200	18	0.000180	29.879098	0.713906	48
2.924000	1079.652000	1082.576000		3.585100	1078.983800	0.000000	0.661100	0.007200	18	0.000180	29.879098	0.714150	49
2.924000	1079.652000	1082.576000		3.594100	1078.974800	0.000000	0.670100	0.007200	18	0.000180	29.879098	0.714393	50
2.924000	1079.652000	1082.576000		3.603100	1078.965800	0.000000	0.679100	0.007200	18	0.000180	29.879098	0.714636	51
2.924000	1079.652000	1082.576000		3.612100	1078.956800	0.000000	0.688100	0.007200	18	0.000180	29.879098	0.714879	52
2.924000	1079.652000	1082.576000		3.621100	1078.947800	0.000000	0.697100	0.007200	18	0.000180	29.879098	0.715123	53
2.924000	1079.652000	1082.576000		3.630100	1078.938800	0.000000	0.706100	0.007200	18	0.000180	29.879098	0.715366	54
2.924000	1079.652000	1082.576000		3.639100	1078.929800	0.000000	0.715100	0.007200	18	0.000180	29.879098	0.715609	55
2.924000	1079.652000	1082.576000		3.648100	1078.920800	0.000000	0.724100	0.007200	18	0.000180	29.879098	0.715852	56
2.924000	1079.652000	1082.576000		3.657100	1078.911800	0.000000	0.733100	0.007200	18	0.000180	29.879098	0.716096	57
2.924000	1079.652000	1082.576000		3.666100	1078.902800	0.000000	0.742100	0.007200	18	0.000180	29.879098	0.716339	58
2.924000	1079.652000	1082.576000		3.675100	1078.893800	0.000000	0.751100	0.007200	18	0.000180	29.879098	0.716582	59
2.924000	1079.652000	1082.576000		3.684100	1078.884800	0.000000	0.760100	0.007200	18	0.000180	29.879098	0.716825	60
2.924000	1079.652000	1082.576000		3.693100	1078.875800	0.000000	0.769100	0.007200	18	0.000180	29.879098	0.717069	61
2.924000	1079.652000	1082.576000		3.702100	1078.866800	0.000000	0.778100	0.007200	18	0.000180	29.879098	0.717312	62
2.924000	1079.652000	1082.576000		3.711100	1078.857800	0.000000	0.787100	0.007200	18	0.000180	29.879098	0.717555	63
2.924000	1079.652000	1082.576000		3.720100	1078.848800	0.000000	0.796100	0.007200	18	0.000180	29.879098	0.717799	64
2.924000	1079.652000	1082.576000		3.729100	1078.839800	0.000000	0.805100	0.007200	18	0.000180	29.879098	0.718042	65
2.924000	1079.652000	1082.576000		3.738100	1078.830800	0.000000	0.814100	0.007200	18	0.000180	29.879098	0.718285	66
2.924000	1079.652000	1082.576000		3.747100	1078.821800	0.000000	0.823100	0.007200	18	0.000180	29.879098	0.718528	67
2.924000	1079.652000	1082.576000		3.756100	1078.812800	0.000000	0.832100	0.007200	18	0.000180	29.879098	0.718772	68
2.924000	1079.652000	1082.576000		3.765100	1078.803800	0.000000	0.841100	0.007200	18	0.000180	29.879098	0.719015	69
2.924000	1079.652000	1082.576000		3.774100	1078.794800	0.000000	0.850100	0.007200	18	0.000180	29.879098	0.719258	70
2.924000	1079.652000	1082.576000		3.783100	1078.785800	0.000000	0.859100	0.007200	18	0.000180	29.879098	0.719501	71
2.924000	1079.652000	1082.576000		3.792100	1078.776800	0.000000	0.868100	0.007200	18	0.000180	29.879098	0.719745	72
2.924000	1079.652000	1082.576000		3.801100	1078.767800	0.000000	0.877100	0.007200	18	0.000180	29.879098	0.719988	73
2.924000	1079.652000	1082.576000		3.810100	1078.758800	0.000000	0.886100	0.007200	18	0.000180	29.879098	0.720231	74
2.924000	1079.652000	1082.576000		3.819100	1078.749800	0.000000	0.895100	0.007200	18	0.000180	29.879098	0.720475	75
2.924000	1079.652000	1082.576000		3.828100	1078.740800	0.000000	0.904100	0.007200	18	0.000180	29.879098	0.720718	76
2.924000	1079.652000	1082.576000		3.837100	1078.731800	0.000000	0.913100	0.007200	18	0.000180	29.879098	0.720961	77
2.924000	1079.652000	1082.576000		3.846100	1078.722800	0.000000	0.922100	0.007200	18	0.000180	29.879098	0.721204	78
2.924000	1079.652000	1082.576000		3.855100	1078.713800	0.000000	0.931100	0.007200	18	0.000180	29.879098	0.721448	79
2.924000	1079.652000	1082.576000		3.864100	1078.704800	0.000000	0.940100	0.007200	18	0.000180	29.879098	0.721691	80
2.924000	1079.652000	1082.576000		3.873100	1078.695800	0.000000	0.949100	0.007200	18	0.000180	29.879098	0.721934	81
2.924000	1079.652000	1082.576000		3.882100	1078.686800	0.000000	0.958100	0.007200	18	0.000180	29.879098	0.722177	82
2.924000	1079.652000	1082.576000		3.891100	1078.677800	0.000000	0.967100	0.007200	18	0.000180	29.879098	0.722421	83
2.924000	1079.652000	1082.576000		3.900100	1078.668800	0.000000	0.976100	0.007200	18	0.000180	29.879098	0.722664	84
2.924000	1079.652000	1082.576000		3.909100	1078.659800	0.000000	0.985100	0.007200	18	0.000180	29.879098	0.722907	85
2.924000	1079.652000	1082.576000		3.918100	1078.650800	0.000000	0.994100	0.007200	18	0.000180	29.879098	0.723151	86
2.924000	1079.652000	1082.576000		3.927100	1078.641800	0.000000	1.003100	0.007200	18	0.000180	29.879098	0.723394	87
2.924000	1079.652000	1082.576000		3.936100	1078.632800	0.000000	1.012100	0.007200	18	0.000180	29.879098	0.723637	88
2.924000	1079.652000	1082.576000		3.945100	1078.623800	0.000000	1.021100	0.007200	18	0.000180	29.879098	0.723880	89
2.924000	1079.652000	1082.576000		3.954100	1078.614800	0.000000	1.030100	0.007200	18	0.000180	29.879098	0.724124	90
2.924000	1079.652000	1082.576000		3.963100	1078.605800	0.000000	1.039100	0.007200	18	0.000180	29.879098	0.724367	91
2.924000	1079.652000	1082.576000		3.972100	1078.596800	0.000000	1.048100	0.007200	18	0.000180	29.879098	0.724610	92
2.924000	1079.652000	1082.576000		3.981100	1078.587800	0.000000	1.057100	0.007200	18	0.000180	29.879098	0.724853	93
2.924000	1079.652000	1082.576000		3.990100	1078.578800	0.000000	1.066100	0.007200	18	0.000180	29.879098	0.725097	94
2.924000	1079.652000	1082.576000		3.999100	1078.569800	0.000000	1.075100	0.007200	18	0.000180	29.879098	0.725340	95
2.924000	1079.652000	1082.576000		4.008100	1078.560800	0.000000	1.084100	0.007200	18	0.000180	29.879098	0.725583	96
2.924000	1079.652000	1082.576000		4.017100	1078.551800	0.000000	1.093100	0.007200	18	0.000180	29.879098	0.725826	97
2.924000	1079.652000	1082.576000		4.026100	1078.542800	0.000000	1.102100	0.007200	18	0.000180	29.879098	0.726070	98
2.924000	1079.652000	1082.576000		4.035100	1078.533800	0.000000	1.111100	0.007200	18	0.000180	29.879098	0.726313	99
2.924000	1079.652000	1082.576000		4.044100	1078.524800	0.000000	1.120100	0.007200	18	0.000180	29.879098	0.726556	100
2.924000	1079.652000	1082.576000		4.053100	1078.515800	0.000000	1.129100	0.007200	18	0.000180	29.879098	0.726800	101
2.924000	1079.652000	1082.576000		4.062100	1078.506800	0.000000	1.138100	0.007200	18	0.000180	29.879098	0.727043	102
2.924000	1079.652000	1082.576000		4.071100	1078.497800	0.000000	1.147100	0.007200	18	0.000180	29.879098	0.727286	103
2.924000	1079.652000	1082.576000		4.080100	1078.488800	0.000000	1.156100	0.007200	18	0.000180	29.879098	0.727529	104
2.924000	1079.652000	1082.576000		4.089100	1078.479800	0.000000	1.165100	0.007200	18	0.000180	29.879098	0.727773	105
2.924000	1079.652000	1082.576000		4.098100	1078.470800	0.000000	1.174100	0.007200	18	0.000180	29.879098	0.728016	106
2.924000	1079.652000	1082.576000		4.107100	1078.461800	0.000000	1.183100	0.007200	18	0.000180	29.879098	0.728259	107
2.924000	1079.652000	1082.576000		4.116100	1078.452800	0.000000	1.192100	0.007200	18	0.000180	29.879098	0.728502	108
2.924000	1079.652000	1082.576000		4.125100	1078.443800	0.000000	1.201100	0.007200	18	0.000180	29.879098	0.728746	109
2.924000	1079.652000	1082.576000		4.134100	1078.434800	0.000000	1.210100	0.007200	18	0.000180	29.879098	0.728989	110
2.924000	1079.652000	1082.576000		4.143100	1078.425800	0.000000	1.219100	0.007200	18	0.000180	29.879098	0.729232	111
2.924000	1079.652000	1082.576000		4.152100	1078.416800	0.000000	1.228100	0.007200	18	0.000180	29.879098	0.729476	112
2.924000	1079.652000	1082.576000		4.161100	1078.407800	0.000000	1.237100	0.007200	18	0.000180	29.879098	0.729719	113
2.924000	1079.652000	1082.576000		4.170100	1078.398800	0.000000	1.246100	0.007200	18	0.000180	29.879098	0.729962	114
2.924000	1079.652000	1082.576000		4.179100	1078.389800	0.000000	1.255100	0.007200	18	0.000180	29.879098	0.730205	115
2.924000	1079.652000	1082.576000		4.188100	1078.380800	0.000000	1.264100	0.007200	18	0.000180	29.879098	0.730449	116
2.924000	1079.652000	1082.576000		4.197100	1078.371800	0.000000	1.273100	0.007200	18	0.000180	29.879098	0.730692	117
2.924000	1079.652000	1082.576000		4.206100	1078.362800	0.000000	1.282100	0.007200	18	0.000180	29.879098	0.730935	118
2.924000	1079.652000	1082.576000		4.215100	1078.353800	0.000000	1.291100	0.007200	18	0.000180	29.879098	0.731178	119
2.924000	1079.652000	1082.576000		4.224100	1078.344800	0.000000	1.300100	0.007200	18	0.000180	29.879098	0.731422	120
2.924000	1079.652000	1082.576000		4.233100	1078.335800	0.000000	1.309100	0.007200	18	0.000180	29.879098	0.731665	121
2.924000	1079.652000	1082.576000		4.242100	1078.326800	0.000000	1.318100	0.007200	18	0.000180	29.879098	0.731908	122
2.924000	1079.652000	1082.576000		4.251100	1078.317800	0.000000	1.327100	0.007200	18	0.000180	29.879098	0.732152	123
2.924000	1079.652000	1082.576000		4.260100	1078.308800	0.000000	1.336100	0.007200	18	0.000180	29.879098	0.732395	124
2.924000	1079.652000	1082.576000		4.269100	1078.299800	0.000000	1.345100	0.007200	18	0.000180	29.879098	0.732638	125
2.924000	1079.652000	1082.576000		4.278100	1078.290800	0.000000	1.354100	0.007200	18	0.000180	29.879098	0.732881	126
2.924000	1079.652000	1082.576000		4.287100	1078.281800	0.000000	1.363100	0.007200	18	0.000180	29.879098	0.733125	127
2.924000	1079.652000	1082.576000		4.296100	1078.272800	0.000000	1.372100	0.007200	18	0.000180	29.879098	0.733368	128
2.924000	1079.652000	1082.576000		4.305100	1078.263800	0.000000	1.381100	0.007200	18	0.000180	29.879098	0.733611	129
2.924000	1079.652000	1082.576000		4.314100	1078.254800	0.000000	1.390100	0.007200	18	0.000180	29.879098	0.733854	130
2.924000	1079.652000	1082.576000		4.323100	1078.245800	0.000000	1.399100	0.007200	18	0.000180	29.879098	0.734098	131
2.924000	1079.652000	1082.576000		4.332100	1078.236800	0.000000	1.408100	0.007200	18	0.000180	29.879098	0.734341	132
2.924000	1079.652000	1082.576000		4.341100	1078.227800	0.000000	1.417100	0.007200	18	0.000180	29.879098	0.734584	133
2.924000	1079.652000	1082.576000		4.350100	1078.218800	0.000000	1.426100	0.007200	18	0.000180	29.879098	0.734827	134
2.924000	1079.652000	1082.576000		4.359100	1078.209800	0.000000	1.435100	0.007200	18	0.000180	29.879098	0.735071	135
2.924000	1079.652000	1082.576000		4.368100	1078.200800	0.000000	1.444100	0.007200	18	0.000180	29.879098	0.735314	136
2.924000	1079.652000	1082.576000		4.377100	1078.191800	0.000000	1.453100	0.007200	18	0.000180	29.879098	0.735557	137
2.924000	1079.652000	1082.576000		4.386100	1078.182800	0.000000	1.462100	0.007200	18	0.000180	29.879098	0.735801	138
2.924000	1079.652000	1082.576000		4.395100	1078.173800	0.000000	1.471100	0.007200	18	0.000180	29.879098	0.736044	139
2.924000	1079.652000	1082.576000		4.404100	1078.164800	0.000000	1.480100	0.007200	18	0.000180	29.879098	0.736287	140
2.924000	1079.652000	1082.576000		4.413100	1078.155800	0.000000	1.489100	0.007200	18	0.000180	29.879098	0.736530	141
2.924000	1079.652000	1082.576000		4.422100	1078.146800	0.000000	1.498100	0.007200	18	0.000180	29.879098	0.736774	142
2.924000	1079.652000	1082.576000		4.431100	1078.137800	0.000000	1.507100	0.007200	18	0.000180	29.879098	0.737017	143
2.924000	1079.652000	1082.576000		4.440100	1078.128800	0.000000	1.516100	0.007200	18	0.000180	29.879098	0.737260	144
2.924000	1079.652000	1082.576000		4.449100	1078.119800	0.000000	1.525100	0.007200	18	0.000180	29.879098	0.737503	145
2.924000	1079.652000	1082.576000		4.458100	1078.110800	0.000000	1.534100	0.007200	18	0.000180	29.879098	0.737747	146
2.924000	1079.652000	1082.576000		4.467100	1078.101800	0.000000	1.543100	0.007200	18	0.000180	29.879098	0.737990	147
2.924000	1079.652000	1082.576000		4.476100	1078.092800	0.000000	1.552100	0.007200	18	0.000180	29.879098	0.738233	148
2.924000	1079.652000	1082.576000		4.485100	1078.083800	0.000000	1.561100	0.007200	18	0.000180	29.879098	0.738477	149
2.924000	1079.652000	1082.576000		4.494100	1078.074800	0.000000	1.570100	0.007200	18	0.000180	29.879098	0.738720	150
2.924000	1079.652000	1082.576000		4.503100	1078.065800	0.000000	1.579100	0.007200	18	0.000180	29.879098	0.738963	151
2.924000	1079.652000	1082.576000		4.512100	1078.056800	0.000000	1.588100	0.007200	18	0.000180	29.879098	0.739206	152
2.924000	1079.652000	1082.576000		4.521100	1078.047800	0.000000	1.597100	0.007200	18	0.000180	29.879098	0.739450	153
2.924000	1079.652000	1082.576000		4.530100	1078.038800	0.000000	1.606100	0.007200	18	0.000180	29.879098	0.739693	154
2.924000	1079.652000	1082.576000		4.539100	1078.029800	0.000000	1.615100	0.007200	18	0.000180	29.879098	0.739936	155
2.924000	1079.652000	1082.576000		4.548100	1078.020800	0.000000	1.624100	0.007200	18	0.000180	29.879098	0.740179	156
2.924000	1079.652000	1082.576000		4.557100	1078.011800	0.000000	1.633100	0.007200	18	0.000180	29.879098	0.740423	157
2.924000	1079.652000	1082.576000		4.566100	1078.002800	0.000000	1.642100	0.007200	18	0.000180	29.879098	0.740666	158
2.924000	1079.652000	1082.576000		4.575100	1077.993800	0.000000	1.651100	0.007200	18	0.000180	29.879098	0.740909	159
2.924000	1079.652000	1082.576000		4.584100	1077.984800	0.000000	1.660100	0.007200	18	0.000180	29.879098	0.741152	160
2.924000	1079.652000	1082.576000		4.593100	1077.975800	0.000000	1.669100	0.007200	18	0.000180	29.879098	0.741396	161
2.924000	1079.652000	1082.576000		4.602100	1077.966800	0.000000	1.678100	0.007200	18	0.000180	29.879098	0.741639	162
2.924000	1079.652000	1082.576000		4.611100	1077.957800	0.000000	1.687100	0.007200	18	0.000180	29.879098	0.741882	163
2.924000	1079.652000	1082.576000		4.620100	1077.948800	0.000000	1.696100	0.007200	18	0.000180	29.879098	0.742126	164
2.924000	1079.652000	1082.576000		4.629100	1077.939800	0.000000	1.705100	0.007200	18	0.000180	29.879098	0.742369	165
2.924000	1079.652000	1082.576000		4.638100	1077.930800	0.000000	1.714100	0.007200	18	0.000180	29.879098	0.742612	166
2.924000	1079.652000	1082.576000		4.647100	1077.921800	0.000000	1.723100	0.007200	18	0.000180	29.879098	0.742855	167
2.924000	1079.652000	1082.576000		4.656100	1077.912800	0.000000	1.732100	0.007200	18	0.000180	29.879098	0.743099	168
2.924000	1079.652000	1082.576000		4.665100	1077.903800	0.000000	1.741100	0.007200	18	0.000180	29.879098	0.743342	169
2.924000	1079.652000	1082.576000		4.674100	1077.894800	0.000000	1.750100	0.007200	18	0.000180	29.879098	0.743585	170
2.924000	1079.652000	1082.576000		4.683100	1077.885800	0.000000	1.759100	0.007200	18	0.000180	29.879098	0.743828	171
2.924000	1079.652000	1082.576000		4.692100	1077.876800	0.000000	1.768100	0.007200	18	0.000180	29.879098	0.744072	172
2.924000	1079.652000	1082.576000		4.701100	1077.867800	0.000000	1.777100	0.007200	18	0.000180	29.879098	0.744315	173
2.924000	1079.652000	1082.576000		4.710100	1077.858800	0.000000	1.786100	0.007200	18	0.000180	29.879098	0.744558	174
2.924000	1079.652000	1082.576000		4.719100	1077.849800	0.000000	1.795100	0.007200	18	0.000180	29.879098	0.744802	175
2.924000	1079.652000	1082.576000		4.728100	1077.840800	0.000000	1.804100	0.007200	18	0.000180	29.879098	0.745045	176
2.924000	1079.652000	1082.576000		4.737100	1077.831800	0.000000	1.813100	0.007200	18	0.000180	29.879098	0.745288	177
2.924000	1079.652000	1082.576000		4.746100	1077.822800	0.000000	1.822100	0.007200	18	0.000180	29.879098	0.745531	178
2.924000	1079.652000	1082.576000		4.755100	1077.813800	0.000000	1.831100	0.007200	18	0.000180	29.879098	0.745775	179
2.924000	1079.652000	1082.576000		4.764100	1077.804800	0.000000	1.840100	0.007200	18	0.000180	29.879098	0.746018	180
2.924000	1079.652000	1082.576000		4.773100	1077.795800	0.000000	1.849100	0.007200	18	0.000180	29.879098	0.746261	181
2.924000	1079.652000	1082.576000		4.782100	1077.786800	0.000000	1.858100	0.007200	18	0.000180	29.879098	0.746504	182
2.924000	1079.652000	1082.576000		4.791100	1077.777800	0.000000	1.867100	0.007200	18	0.000180	29.879098	0.746748	183
2.924000	1079.652000	1082.576000		4.800100	1077.768800	0.000000	1.876100	0.007200	18	0.000180	29.879098	0.746991	184
2.924000	1079.652000	1082.576000		4.809100	1077.759800	0.000000	1.885100	0.007200	18	0.000180	29.879098	0.747234	185
2.924000	1079.652000	1082.576000		4.818100	1077.750800	0.000000	1.894100	0.007200	18	0.000180	29.879098	0.747478	186
2.924000	1079.652000	1082.576000		4.827100	1077.741800	0.000000	1.903100	0.007200	18	0.000180	29.879098	0.747721	187
2.924000	1079.652000	1082.576000		4.836100	1077.732800	0.000000	1.912100	0.007200	18	0.000180	29.879098	0.747964	188
2.924000	1079.652000	1082.576000		4.845100	1077.723800	0.000000	1.921100	0.007200	18	0.000180	29.879098	0.748207	189
2.924000	1079.652000	1082.576000		4.854100	1077.714800	0.000000	1.930100	0.007200	18	0.000180	29.879098	0.748451	190
2.924000	1079.652000	1082.576000		4.863100	1077.705800	0.000000	1.939100	0.007200	18	0.000180	29.879098	0.748694	191
2.924000	1079.652000	1082.576000		4.872100	1077.696800	0.000000	1.948100	0.007200	18	0.000180	29.879098	0.748937	192
2.924000	1079.652000	1082.576000		4.881100	1077.687800	0.000000	1.957100	0.007200	18	0.000180	29.879098	0.749180	193
2.924000	1079.652000	1082.576000		4.890100	1077.678800	0.000000	1.966100	0.007200	18	0.000180	29.879098	0.749424	194
2.924000	1079.652000	1082.576000		4.899100	1077.669800	0.000000	1.975100	0.007200	18	0.000180	29.879098	0.749667	195
2.924000	1079.652000	1082.576000		4.908100	1077.660800	0.000000	1.984100	0.007200	18	0.000180	29.879098	0.749910	196
2.924000	1079.652000	1082.576000		4.917100	1077.651800	0.000000	1.993100	0.007200	18	0.000180	29.879098	0.750153	197
2.924000	1079.652000	1082.576000		4.926100	1077.642800	0.000000	2.002100	0.007200	18	0.000180	29.879098	0.750397	198
2.924000	1079.652000	1082.576000		4.935100	1077.633800	0.000000	2.011100	0.007200	18	0.000180	29.879098	0.750640	199
