active_time	inactive_time	time_no_dpm	time_dpm	time_run	time_idle	time_sleep	time_waiting	time_transitions	transitions	energy_transitions	energy_no_dpm	energy_dpm	timeout
2.924000	1079.652000	1082.576000		2.932500	0.000000	1079.584600	0.008500	0.059500	170	0.051000	162.386400	11.286721	0
2.924000	1079.652000	1082.576000		3.009700	0.000000	1079.518600	0.085700	0.048300	138	0.041400	162.386400	11.288041	1
2.924000	1079.652000	1082.576000		3.077700	0.000000	1079.454100	0.153700	0.044800	128	0.038400	162.386400	11.294596	2
2.924000	1079.652000	1082.576000		3.135900	0.000000	1079.412000	0.211900	0.028700	82	0.024600	162.386400	11.289105	3
2.924000	1079.652000	1082.576000		3.179200	0.000000	1079.390600	0.255200	0.006300	18	0.005400	162.386400	11.276186	4
2.924000	1079.652000	1082.576000		3.188200	0.000000	1079.381600	0.264200	0.006300	18	0.005400	162.386400	11.277446	5
2.924000	1079.652000	1082.576000		3.197200	0.000000	1079.372600	0.273200	0.006300	18	0.005400	162.386400	11.278706	6
2.924000	1079.652000	1082.576000		3.206200	0.000000	1079.363600	0.282200	0.006300	18	0.005400	162.386400	11.279966	7
2.924000	1079.652000	1082.576000		3.215200	0.000000	1079.354600	0.291200	0.006300	18	0.005400	162.386400	11.281226	8
2.924000	1079.652000	1082.576000		3.224200	0.000000	1079.345600	0.300200	0.006300	18	0.005400	162.386400	11.282486	9
2.924000	1079.652000	1082.576000		3.233200	0.000000	1079.336600	0.309200	0.006300	18	0.005400	162.386400	11.283746	10
2.924000	1079.652000	1082.576000		3.242200	0.000000	1079.327600	0.318200	0.006300	18	0.005400	162.386400	11.285006	11
2.924000	1079.652000	1082.576000		3.251200	0.000000	1079.318600	0.327200	0.006300	18	0.005400	162.386400	11.286266	12
2.924000	1079.652000	1082.576000		3.260200	0.000000	1079.309600	0.336200	0.006300	18	0.005400	162.386400	11.287526	13
2.924000	1079.652000	1082.576000		3.269200	0.000000	1079.300600	0.345200	0.006300	18	0.005400	162.386400	11.288786	14
2.924000	1079.652000	1082.576000		3.278200	0.000000	1079.291600	0.354200	0.006300	18	0.005400	162.386400	11.290046	15
2.924000	1079.652000	1082.576000		3.287200	0.000000	1079.282600	0.363200	0.006300	18	0.005400	162.386400	11.291306	16
2.924000	1079.652000	1082.576000		3.296200	0.000000	1079.273600	0.372200	0.006300	18	0.005400	162.386400	11.292566	17
2.924000	1079.652000	1082.576000		3.305200	0.000000	1079.264600	0.381200	0.006300	18	0.005400	162.386400	11.293826	18
2.924000	1079.652000	1082.576000		3.314200	0.000000	1079.255600	0.390200	0.006300	18	0.005400	162.386400	11.295086	19
2.924000	1079.652000	1082.576000		3.323200	0.000000	1079.246600	0.399200	0.006300	18	0.005400	162.386400	11.296346	20
2.924000	1079.652000	1082.576000		3.332200	0.000000	1079.237600	0.408200	0.006300	18	0.005400	162.386400	11.297606	21
2.924000	1079.652000	1082.576000		3.341200	0.000000	1079.228600	0.417200	0.006300	18	0.005400	162.386400	11.298866	22
2.924000	1079.652000	1082.576000		3.350200	0.000000	1079.219600	0.426200	0.006300	18	0.005400	162.386400	11.300126	23
2.924000	1079.652000	1082.576000		3.359200	0.000000	1079.210600	0.435200	0.006300	18	0.005400	162.386400	11.301386	24
2.924000	1079.652000	1082.576000		3.368200	0.000000	1079.201600	0.444200	0.006300	18	0.005400	162.386400	11.302646	25
2.924000	1079.652000	1082.576000		3.377200	0.000000	1079.192600	0.453200	0.006300	18	0.005400	162.386400	11.303906	26
2.924000	1079.652000	1082.576000		3.386200	0.000000	1079.183600	0.462200	0.006300	18	0.005400	162.386400	11.305166	27
2.924000	1079.652000	1082.576000		3.395200	0.000000	1079.174600	0.471200	0.006300	18	0.005400	162.386400	11.306426	28
2.924000	1079.652000	1082.576000		3.404200	0.000000	1079.165600	0.480200	0.006300	18	0.005400	162.386400	11.307686	29
2.924000	1079.652000	1082.576000		3.413200	0.000000	1079.156600	0.489200	0.006300	18	0.005400	162.386400	11.308946	30
2.924000	1079.652000	1082.576000		3.422200	0.000000	1079.147600	0.498200	0.006300	18	0.005400	162.386400	11.310206	31
2.924000	1079.652000	1082.576000		3.431200	0.000000	1079.138600	0.507200	0.006300	18	0.005400	162.386400	11.311466	32
2.924000	1079.652000	1082.576000		3.440200	0.000000	1079.129600	0.516200	0.006300	18	0.005400	162.386400	11.312726	33
2.924000	1079.652000	1082.576000		3.449200	0.000000	1079.120600	0.525200	0.006300	18	0.005400	162.386400	11.313986	34
2.924000	1079.652000	1082.576000		3.458200	0.000000	1079.111600	0.534200	0.006300	18	0.005400	162.386400	11.315246	35
2.924000	1079.652000	1082.576000		3.467200	0.000000	1079.102600	0.543200	0.006300	18	0.005400	162.386400	11.316506	36
2.924000	1079.652000	1082.576000		3.476200	0.000000	1079.093600	0.552200	0.006300	18	0.005400	162.386400	11.317766	37
2.924000	1079.652000	1082.576000		3.485200	0.000000	1079.084600	0.561200	0.006300	18	0.005400	162.386400	11.319026	38
2.924000	1079.652000	1082.576000		3.494200	0.000000	1079.075600	0.570200	0.006300	18	0.005400	162.386400	11.320286	39
2.924000	1079.652000	1082.576000		3.503200	0.000000	1079.066600	0.579200	0.006300	18	0.005400	162.386400	11.321546	40
2.924000	1079.652000	1082.576000		3.512200	0.000000	1079.057600	0.588200	0.006300	18	0.005400	162.386400	11.322806	41
2.924000	1079.652000	1082.576000		3.521200	0.000000	1079.048600	0.597200	0.006300	18	0.005400	162.386400	11.324066	42
2.924000	1079.652000	1082.576000		3.530200	0.000000	1079.039600	0.606200	0.006300	18	0.005400	162.386400	11.325326	43
2.924000	1079.652000	1082.576000		3.539200	0.000000	1079.030600	0.615200	0.006300	18	0.005400	162.386400	11.326586	44
2.924000	1079.652000	1082.576000		3.548200	0.000000	1079.021600	0.624200	0.006300	18	0.005400	162.386400	11.327846	45
2.924000	1079.652000	1082.576000		3.557200	0.000000	1079.012600	0.633200	0.006300	18	0.005400	162.386400	11.329106	46
2.924000	1079.652000	1082.576000		3.566200	0.000000	1079.003600	0.642200	0.006300	18	0.005400	162.386400	11.330366	47
2.924000	1079.652000	1082.576000		3.575200	0.000000	1078.994600	0.651200	0.006300	18	0.005400	162.386400	11.331626	48
2.924000	1079.652000	1082.576000		3.584200	0.000000	1078.985600	0.660200	0.006300	18	0.005400	162.386400	11.332886	49
2.924000	1079.652000	1082.576000		3.593200	0.000000	1078.976600	0.669200	0.006300	18	0.005400	162.386400	11.334146	50
2.924000	1079.652000	1082.576000		3.602200	0.000000	1078.967600	0.678200	0.006300	18	0.005400	162.386400	11.335406	51
2.924000	1079.652000	1082.576000		3.611200	0.000000	1078.958600	0.687200	0.006300	18	0.005400	162.386400	11.336666	52
2.924000	1079.652000	1082.576000		3.620200	0.000000	1078.949600	0.696200	0.006300	18	0.005400	162.386400	11.337926	53
2.924000	1079.652000	1082.576000		3.629200	0.000000	1078.940600	0.705200	0.006300	18	0.005400	162.386400	11.339186	54
2.924000	1079.652000	1082.576000		3.638200	0.000000	1078.931600	0.714200	0.006300	18	0.005400	162.386400	11.340446	55
2.924000	1079.652000	1082.576000		3.647200	0.000000	1078.922600	0.723200	0.006300	18	0.005400	162.386400	11.341706	56
2.924000	1079.652000	1082.576000		3.656200	0.000000	1078.913600	0.732200	0.006300	18	0.005400	162.386400	11.342966	57
2.924000	1079.652000	1082.576000		3.665200	0.000000	1078.904600	0.741200	0.006300	18	0.005400	162.386400	11.344226	58
2.924000	1079.652000	1082.576000		3.674200	0.000000	1078.895600	0.750200	0.006300	18	0.005400	162.386400	11.345486	59
2.924000	1079.652000	1082.576000		3.683200	0.000000	1078.886600	0.759200	0.006300	18	0.005400	162.386400	11.346746	60
2.924000	1079.652000	1082.576000		3.692200	0.000000	1078.877600	0.768200	0.006300	18	0.005400	162.386400	11.348006	61
2.924000	1079.652000	1082.576000		3.701200	0.000000	1078.868600	0.777200	0.006300	18	0.005400	162.386400	11.349266	62
2.924000	1079.652000	1082.576000		3.710200	0.000000	1078.859600	0.786200	0.006300	18	0.005400	162.386400	11.350526	63
2.924000	1079.652000	1082.576000		3.719200	0.000000	1078.850600	0.795200	0.006300	18	0.005400	162.386400	11.351786	64
2.924000	1079.652000	1082.576000		3.728200	0.000000	1078.841600	0.804200	0.006300	18	0.005400	162.386400	11.353046	65
2.924000	1079.652000	1082.576000		3.737200	0.000000	1078.832600	0.813200	0.006300	18	0.005400	162.386400	11.354306	66
2.924000	1079.652000	1082.576000		3.746200	0.000000	1078.823600	0.822200	0.006300	18	0.005400	162.386400	11.355566	67
2.924000	1079.652000	1082.576000		3.755200	0.000000	1078.814600	0.831200	0.006300	18	0.005400	162.386400	11.356826	68
2.924000	1079.652000	1082.576000		3.764200	0.000000	1078.805600	0.840200	0.006300	18	0.005400	162.386400	11.358086	69
2.924000	1079.652000	1082.576000		3.773200	0.000000	1078.796600	0.849200	0.006300	18	0.005400	162.386400	11.359346	70
2.924000	1079.652000	1082.576000		3.782200	0.000000	1078.787600	0.858200	0.006300	18	0.005400	162.386400	11.360606	71
2.924000	1079.652000	1082.576000		3.791200	0.000000	1078.778600	0.867200	0.006300	18	0.005400	162.386400	11.361866	72
2.924000	1079.652000	1082.576000		3.800200	0.000000	1078.769600	0.876200	0.006300	18	0.005400	162.386400	11.363126	73
2.924000	1079.652000	1082.576000		3.809200	0.000000	1078.760600	0.885200	0.006300	18	0.005400	162.386400	11.364386	74
2.924000	1079.652000	1082.576000		3.818200	0.000000	1078.751600	0.894200	0.006300	18	0.005400	162.386400	11.365646	75
2.924000	1079.652000	1082.576000		3.827200	0.000000	1078.742600	0.903200	0.006300	18	0.005400	162.386400	11.366906	76
2.924000	1079.652000	1082.576000		3.836200	0.000000	1078.733600	0.912200	0.006300	18	0.005400	162.386400	11.368166	77
2.924000	1079.652000	1082.576000		3.845200	0.000000	1078.724600	0.921200	0.006300	18	0.005400	162.386400	11.369426	78
2.924000	1079.652000	1082.576000		3.854200	0.000000	1078.715600	0.930200	0.006300	18	0.005400	162.386400	11.370686	79
2.924000	1079.652000	1082.576000		3.863200	0.000000	1078.706600	0.939200	0.006300	18	0.005400	162.386400	11.371946	80
2.924000	1079.652000	1082.576000		3.872200	0.000000	1078.697600	0.948200	0.006300	18	0.005400	162.386400	11.373206	81
2.924000	1079.652000	1082.576000		3.881200	0.000000	1078.688600	0.957200	0.006300	18	0.005400	162.386400	11.374466	82
2.924000	1079.652000	1082.576000		3.890200	0.000000	1078.679600	0.966200	0.006300	18	0.005400	162.386400	11.375726	83
2.924000	1079.652000	1082.576000		3.899200	0.000000	1078.670600	0.975200	0.006300	18	0.005400	162.386400	11.376986	84
2.924000	1079.652000	1082.576000		3.908200	0.000000	1078.661600	0.984200	0.006300	18	0.005400	162.386400	11.378246	85
2.924000	1079.652000	1082.576000		3.917200	0.000000	1078.652600	0.993200	0.006300	18	0.005400	162.386400	11.379506	86
2.924000	1079.652000	1082.576000		3.926200	0.000000	1078.643600	1.002200	0.006300	18	0.005400	162.386400	11.380766	87
2.924000	1079.652000	1082.576000		3.935200	0.000000	1078.634600	1.011200	0.006300	18	0.005400	162.386400	11.382026	88
2.924000	1079.652000	1082.576000		3.944200	0.000000	1078.625600	1.020200	0.006300	18	0.005400	162.386400	11.383286	89
2.924000	1079.652000	1082.576000		3.953200	0.000000	1078.616600	1.029200	0.006300	18	0.005400	162.386400	11.384546	90
2.924000	1079.652000	1082.576000		3.962200	0.000000	1078.607600	1.038200	0.006300	18	0.005400	162.386400	11.385806	91
2.924000	1079.652000	1082.576000		3.971200	0.000000	1078.598600	1.047200	0.006300	18	0.005400	162.386400	11.387066	92
2.924000	1079.652000	1082.576000		3.980200	0.000000	1078.589600	1.056200	0.006300	18	0.005400	162.386400	11.388326	93
2.924000	1079.652000	1082.576000		3.989200	0.000000	1078.580600	1.065200	0.006300	18	0.005400	162.386400	11.389586	94
2.924000	1079.652000	1082.576000		3.998200	0.000000	1078.571600	1.074200	0.006300	18	0.005400	162.386400	11.390846	95
2.924000	1079.652000	1082.576000		4.007200	0.000000	1078.562600	1.083200	0.006300	18	0.005400	162.386400	11.392106	96
2.924000	1079.652000	1082.576000		4.016200	0.000000	1078.553600	1.092200	0.006300	18	0.005400	162.386400	11.393366	97
2.924000	1079.652000	1082.576000		4.025200	0.000000	1078.544600	1.101200	0.006300	18	0.005400	162.386400	11.394626	98
2.924000	1079.652000	1082.576000		4.034200	0.000000	1078.535600	1.110200	0.006300	18	0.005400	162.386400	11.395886	99
2.924000	1079.652000	1082.576000		4.043200	0.000000	1078.526600	1.119200	0.006300	18	0.005400	162.386400	11.397146	100
2.924000	1079.652000	1082.576000		4.052200	0.000000	1078.517600	1.128200	0.006300	18	0.005400	162.386400	11.398406	101
2.924000	1079.652000	1082.576000		4.061200	0.000000	1078.508600	1.137200	0.006300	18	0.005400	162.386400	11.399666	102
2.924000	1079.652000	1082.576000		4.070200	0.000000	1078.499600	1.146200	0.006300	18	0.005400	162.386400	11.400926	103
2.924000	1079.652000	1082.576000		4.079200	0.000000	1078.490600	1.155200	0.006300	18	0.005400	162.386400	11.402186	104
2.924000	1079.652000	1082.576000		4.088200	0.000000	1078.481600	1.164200	0.006300	18	0.005400	162.386400	11.403446	105
2.924000	1079.652000	1082.576000		4.097200	0.000000	1078.472600	1.173200	0.006300	18	0.005400	162.386400	11.404706	106
2.924000	1079.652000	1082.576000		4.106200	0.000000	1078.463600	1.182200	0.006300	18	0.005400	162.386400	11.405966	107
2.924000	1079.652000	1082.576000		4.115200	0.000000	1078.454600	1.191200	0.006300	18	0.005400	162.386400	11.407226	108
2.924000	1079.652000	1082.576000		4.124200	0.000000	1078.445600	1.200200	0.006300	18	0.005400	162.386400	11.408486	109
2.924000	1079.652000	1082.576000		4.133200	0.000000	1078.436600	1.209200	0.006300	18	0.005400	162.386400	11.409746	110
2.924000	1079.652000	1082.576000		4.142200	0.000000	1078.427600	1.218200	0.006300	18	0.005400	162.386400	11.411006	111
2.924000	1079.652000	1082.576000		4.151200	0.000000	1078.418600	1.227200	0.006300	18	0.005400	162.386400	11.412266	112
2.924000	1079.652000	1082.576000		4.160200	0.000000	1078.409600	1.236200	0.006300	18	0.005400	162.386400	11.413526	113
2.924000	1079.652000	1082.576000		4.169200	0.000000	1078.400600	1.245200	0.006300	18	0.005400	162.386400	11.414786	114
2.924000	1079.652000	1082.576000		4.178200	0.000000	1078.391600	1.254200	0.006300	18	0.005400	162.386400	11.416046	115
2.924000	1079.652000	1082.576000		4.187200	0.000000	1078.382600	1.263200	0.006300	18	0.005400	162.386400	11.417306	116
2.924000	1079.652000	1082.576000		4.196200	0.000000	1078.373600	1.272200	0.006300	18	0.005400	162.386400	11.418566	117
2.924000	1079.652000	1082.576000		4.205200	0.000000	1078.364600	1.281200	0.006300	18	0.005400	162.386400	11.419826	118
2.924000	1079.652000	1082.576000		4.214200	0.000000	1078.355600	1.290200	0.006300	18	0.005400	162.386400	11.421086	119
2.924000	1079.652000	1082.576000		4.223200	0.000000	1078.346600	1.299200	0.006300	18	0.005400	162.386400	11.422346	120
2.924000	1079.652000	1082.576000		4.232200	0.000000	1078.337600	1.308200	0.006300	18	0.005400	162.386400	11.423606	121
2.924000	1079.652000	1082.576000		4.241200	0.000000	1078.328600	1.317200	0.006300	18	0.005400	162.386400	11.424866	122
2.924000	1079.652000	1082.576000		4.250200	0.000000	1078.319600	1.326200	0.006300	18	0.005400	162.386400	11.426126	123
2.924000	1079.652000	1082.576000		4.259200	0.000000	1078.310600	1.335200	0.006300	18	0.005400	162.386400	11.427386	124
2.924000	1079.652000	1082.576000		4.268200	0.000000	1078.301600	1.344200	0.006300	18	0.005400	162.386400	11.428646	125
2.924000	1079.652000	1082.576000		4.277200	0.000000	1078.292600	1.353200	0.006300	18	0.005400	162.386400	11.429906	126
2.924000	1079.652000	1082.576000		4.286200	0.000000	1078.283600	1.362200	0.006300	18	0.005400	162.386400	11.431166	127
2.924000	1079.652000	1082.576000		4.295200	0.000000	1078.274600	1.371200	0.006300	18	0.005400	162.386400	11.432426	128
2.924000	1079.652000	1082.576000		4.304200	0.000000	1078.265600	1.380200	0.006300	18	0.005400	162.386400	11.433686	129
2.924000	1079.652000	1082.576000		4.313200	0.000000	1078.256600	1.389200	0.006300	18	0.005400	162.386400	11.434946	130
2.924000	1079.652000	1082.576000		4.322200	0.000000	1078.247600	1.398200	0.006300	18	0.005400	162.386400	11.436206	131
2.924000	1079.652000	1082.576000		4.331200	0.000000	1078.238600	1.407200	0.006300	18	0.005400	162.386400	11.437466	132
2.924000	1079.652000	1082.576000		4.340200	0.000000	1078.229600	1.416200	0.006300	18	0.005400	162.386400	11.438726	133
2.924000	1079.652000	1082.576000		4.349200	0.000000	1078.220600	1.425200	0.006300	18	0.005400	162.386400	11.439986	134
2.924000	1079.652000	1082.576000		4.358200	0.000000	1078.211600	1.434200	0.006300	18	0.005400	162.386400	11.441246	135
2.924000	1079.652000	1082.576000		4.367200	0.000000	1078.202600	1.443200	0.006300	18	0.005400	162.386400	11.442506	136
2.924000	1079.652000	1082.576000		4.376200	0.000000	1078.193600	1.452200	0.006300	18	0.005400	162.386400	11.443766	137
2.924000	1079.652000	1082.576000		4.385200	0.000000	1078.184600	1.461200	0.006300	18	0.005400	162.386400	11.445026	138
2.924000	1079.652000	1082.576000		4.394200	0.000000	1078.175600	1.470200	0.006300	18	0.005400	162.386400	11.446286	139
2.924000	1079.652000	1082.576000		4.403200	0.000000	1078.166600	1.479200	0.006300	18	0.005400	162.386400	11.447546	140
2.924000	1079.652000	1082.576000		4.412200	0.000000	1078.157600	1.488200	0.006300	18	0.005400	162.386400	11.448806	141
2.924000	1079.652000	1082.576000		4.421200	0.000000	1078.148600	1.497200	0.006300	18	0.005400	162.386400	11.450066	142
2.924000	1079.652000	1082.576000		4.430200	0.000000	1078.139600	1.506200	0.006300	18	0.005400	162.386400	11.451326	143
2.924000	1079.652000	1082.576000		4.439200	0.000000	1078.130600	1.515200	0.006300	18	0.005400	162.386400	11.452586	144
2.924000	1079.652000	1082.576000		4.448200	0.000000	1078.121600	1.524200	0.006300	18	0.005400	162.386400	11.453846	145
2.924000	1079.652000	1082.576000		4.457200	0.000000	1078.112600	1.533200	0.006300	18	0.005400	162.386400	11.455106	146
2.924000	1079.652000	1082.576000		4.466200	0.000000	1078.103600	1.542200	0.006300	18	0.005400	162.386400	11.456366	147
2.924000	1079.652000	1082.576000		4.475200	0.000000	1078.094600	1.551200	0.006300	18	0.005400	162.386400	11.457626	148
2.924000	1079.652000	1082.576000		4.484200	0.000000	1078.085600	1.560200	0.006300	18	0.005400	162.386400	11.458886	149
2.924000	1079.652000	1082.576000		4.493200	0.000000	1078.076600	1.569200	0.006300	18	0.005400	162.386400	11.460146	150
2.924000	1079.652000	1082.576000		4.502200	0.000000	1078.067600	1.578200	0.006300	18	0.005400	162.386400	11.461406	151
2.924000	1079.652000	1082.576000		4.511200	0.000000	1078.058600	1.587200	0.006300	18	0.005400	162.386400	11.462666	152
2.924000	1079.652000	1082.576000		4.520200	0.000000	1078.049600	1.596200	0.006300	18	0.005400	162.386400	11.463926	153
2.924000	1079.652000	1082.576000		4.529200	0.000000	1078.040600	1.605200	0.006300	18	0.005400	162.386400	11.465186	154
2.924000	1079.652000	1082.576000		4.538200	0.000000	1078.031600	1.614200	0.006300	18	0.005400	162.386400	11.466446	155
2.924000	1079.652000	1082.576000		4.547200	0.000000	1078.022600	1.623200	0.006300	18	0.005400	162.386400	11.467706	156
2.924000	1079.652000	1082.576000		4.556200	0.000000	1078.013600	1.632200	0.006300	18	0.005400	162.386400	11.468966	157
2.924000	1079.652000	1082.576000		4.565200	0.000000	1078.004600	1.641200	0.006300	18	0.005400	162.386400	11.470226	158
2.924000	1079.652000	1082.576000		4.574200	0.000000	1077.995600	1.650200	0.006300	18	0.005400	162.386400	11.471486	159
2.924000	1079.652000	1082.576000		4.583200	0.000000	1077.986600	1.659200	0.006300	18	0.005400	162.386400	11.472746	160
2.924000	1079.652000	1082.576000		4.592200	0.000000	1077.977600	1.668200	0.006300	18	0.005400	162.386400	11.474006	161
2.924000	1079.652000	1082.576000		4.601200	0.000000	1077.968600	1.677200	0.006300	18	0.005400	162.386400	11.475266	162
2.924000	1079.652000	1082.576000		4.610200	0.000000	1077.959600	1.686200	0.006300	18	0.005400	162.386400	11.476526	163
2.924000	1079.652000	1082.576000		4.619200	0.000000	1077.950600	1.695200	0.006300	18	0.005400	162.386400	11.477786	164
2.924000	1079.652000	1082.576000		4.628200	0.000000	1077.941600	1.704200	0.006300	18	0.005400	162.386400	11.479046	165
2.924000	1079.652000	1082.576000		4.637200	0.000000	1077.932600	1.713200	0.006300	18	0.005400	162.386400	11.480306	166
2.924000	1079.652000	1082.576000		4.646200	0.000000	1077.923600	1.722200	0.006300	18	0.005400	162.386400	11.481566	167
2.924000	1079.652000	1082.576000		4.655200	0.000000	1077.914600	1.731200	0.006300	18	0.005400	162.386400	11.482826	168
2.924000	1079.652000	1082.576000		4.664200	0.000000	1077.905600	1.740200	0.006300	18	0.005400	162.386400	11.484086	169
2.924000	1079.652000	1082.576000		4.673200	0.000000	1077.896600	1.749200	0.006300	18	0.005400	162.386400	11.485346	170
2.924000	1079.652000	1082.576000		4.682200	0.000000	1077.887600	1.758200	0.006300	18	0.005400	162.386400	11.486606	171
2.924000	1079.652000	1082.576000		4.691200	0.000000	1077.878600	1.767200	0.006300	18	0.005400	162.386400	11.487866	172
2.924000	1079.652000	1082.576000		4.700200	0.000000	1077.869600	1.776200	0.006300	18	0.005400	162.386400	11.489126	173
2.924000	1079.652000	1082.576000		4.709200	0.000000	1077.860600	1.785200	0.006300	18	0.005400	162.386400	11.490386	174
2.924000	1079.652000	1082.576000		4.718200	0.000000	1077.851600	1.794200	0.006300	18	0.005400	162.386400	11.491646	175
2.924000	1079.652000	1082.576000		4.727200	0.000000	1077.842600	1.803200	0.006300	18	0.005400	162.386400	11.492906	176
2.924000	1079.652000	1082.576000		4.736200	0.000000	1077.833600	1.812200	0.006300	18	0.005400	162.386400	11.494166	177
2.924000	1079.652000	1082.576000		4.745200	0.000000	1077.824600	1.821200	0.006300	18	0.005400	162.386400	11.495426	178
2.924000	1079.652000	1082.576000		4.754200	0.000000	1077.815600	1.830200	0.006300	18	0.005400	162.386400	11.496686	179
2.924000	1079.652000	1082.576000		4.763200	0.000000	1077.806600	1.839200	0.006300	18	0.005400	162.386400	11.497946	180
2.924000	1079.652000	1082.576000		4.772200	0.000000	1077.797600	1.848200	0.006300	18	0.005400	162.386400	11.499206	181
2.924000	1079.652000	1082.576000		4.781200	0.000000	1077.788600	1.857200	0.006300	18	0.005400	162.386400	11.500466	182
2.924000	1079.652000	1082.576000		4.790200	0.000000	1077.779600	1.866200	0.006300	18	0.005400	162.386400	11.501726	183
2.924000	1079.652000	1082.576000		4.799200	0.000000	1077.770600	1.875200	0.006300	18	0.005400	162.386400	11.502986	184
2.924000	1079.652000	1082.576000		4.808200	0.000000	1077.761600	1.884200	0.006300	18	0.005400	162.386400	11.504246	185
2.924000	1079.652000	1082.576000		4.817200	0.000000	1077.752600	1.893200	0.006300	18	0.005400	162.386400	11.505506	186
2.924000	1079.652000	1082.576000		4.826200	0.000000	1077.743600	1.902200	0.006300	18	0.005400	162.386400	11.506766	187
2.924000	1079.652000	1082.576000		4.835200	0.000000	1077.734600	1.911200	0.006300	18	0.005400	162.386400	11.508026	188
2.924000	1079.652000	1082.576000		4.844200	0.000000	1077.725600	1.920200	0.006300	18	0.005400	162.386400	11.509286	189
2.924000	1079.652000	1082.576000		4.853200	0.000000	1077.716600	1.929200	0.006300	18	0.005400	162.386400	11.510546	190
2.924000	1079.652000	1082.576000		4.862200	0.000000	1077.707600	1.938200	0.006300	18	0.005400	162.386400	11.511806	191
2.924000	1079.652000	1082.576000		4.871200	0.000000	1077.698600	1.947200	0.006300	18	0.005400	162.386400	11.513066	192
2.924000	1079.652000	1082.576000		4.880200	0.000000	1077.689600	1.956200	0.006300	18	0.005400	162.386400	11.514326	193
2.924000	1079.652000	1082.576000		4.889200	0.000000	1077.680600	1.965200	0.006300	18	0.005400	162.386400	11.515586	194
2.924000	1079.652000	1082.576000		4.898200	0.000000	1077.671600	1.974200	0.006300	18	0.005400	162.386400	11.516846	195
2.924000	1079.652000	1082.576000		4.907200	0.000000	1077.662600	1.983200	0.006300	18	0.005400	162.386400	11.518106	196
2.924000	1079.652000	1082.576000		4.916200	0.000000	1077.653600	1.992200	0.006300	18	0.005400	162.386400	11.519366	197
2.924000	1079.652000	1082.576000		4.925200	0.000000	1077.644600	2.001200	0.006300	18	0.005400	162.386400	11.520626	198
2.924000	1079.652000	1082.576000		4.934200	0.000000	1077.635600	2.010200	0.006300	18	0.005400	162.386400	11.521886	199
