active_time	inactive_time	time_no_dpm	time_dpm	time_run	time_idle	time_sleep	time_waiting	time_transitions	transitions	energy_transitions	energy_no_dpm	energy_dpm	timeout
2.547000	1089.439000	1091.986000		2.556900	1089.409500	0.000000	0.009900	0.019800	198	0.009900	163.797900	33.075720	0
2.547000	1089.439000	1091.986000		2.652800	1089.313600	0.000000	0.105800	0.019800	198	0.009900	163.797900	33.087228	1
2.547000	1089.439000	1091.986000		2.751700	1089.214700	0.000000	0.204700	0.019800	198	0.009900	163.797900	33.099096	2
2.547000	1089.439000	1091.986000		2.850700	1089.115700	0.000000	0.303700	0.019800	198	0.009900	163.797900	33.110976	3
2.547000	1089.439000	1091.986000		2.949700	1089.016700	0.000000	0.402700	0.019800	198	0.009900	163.797900	33.122856	4
2.547000	1089.439000	1091.986000		3.048800	1088.917600	0.000000	0.501800	0.019800	198	0.009900	163.797900	33.134748	5
2.547000	1089.439000	1091.986000		3.147800	1088.818600	0.000000	0.600800	0.019800	198	0.009900	163.797900	33.146628	6
2.547000	1089.439000	1091.986000		3.246800	1088.719600	0.000000	0.699800	0.019800	198	0.009900	163.797900	33.158508	7
2.547000	1089.439000	1091.986000		3.345800	1088.620600	0.000000	0.798800	0.019800	198	0.009900	163.797900	33.170388	8
2.547000	1089.439000	1091.986000		3.444800	1088.521600	0.000000	0.897800	0.019800	198	0.009900	163.797900	33.182268	9
2.547000	1089.439000	1091.986000		3.543800	1088.422600	0.000000	0.996800	0.019800	198	0.009900	163.797900	33.194148	10
2.547000	1089.439000	1091.986000		3.642800	1088.323600	0.000000	1.095800	0.019800	198	0.009900	163.797900	33.206028	11
2.547000	1089.439000	1091.986000		3.741800	1088.224600	0.000000	1.194800	0.019800	198	0.009900	163.797900	33.217908	12
2.547000	1089.439000	1091.986000		3.840800	1088.125600	0.000000	1.293800	0.019800	198	0.009900	163.797900	33.229788	13
2.547000	1089.439000	1091.986000		3.939800	1088.026600	0.000000	1.392800	0.019800	198	0.009900	163.797900	33.241668	14
2.547000	1089.439000	1091.986000		4.038800	1087.927600	0.000000	1.491800	0.019800	198	0.009900	163.797900	33.253548	15
2.547000	1089.439000	1091.986000		4.137800	1087.828600	0.000000	1.590800	0.019800	198	0.009900	163.797900	33.265428	16
2.547000	1089.439000	1091.986000		4.236800	1087.729600	0.000000	1.689800	0.019800	198	0.009900	163.797900	33.277308	17
2.547000	1089.439000	1091.986000		4.335800	1087.630600	0.000000	1.788800	0.019800	198	0.009900	163.797900	33.289188	18
2.547000	1089.439000	1091.986000		4.434800	1087.531600	0.000000	1.887800	0.019800	198	0.009900	163.797900	33.301068	19
2.547000	1089.439000	1091.986000		4.533700	1087.432700	0.000000	1.986700	0.019800	198	0.009900	163.797900	33.312936	20
2.547000	1089.439000	1091.986000		4.632700	1087.333700	0.000000	2.085700	0.019800	198	0.009900	163.797900	33.324816	21
2.547000	1089.439000	1091.986000		4.731700	1087.234700	0.000000	2.184700	0.019800	198	0.009900	163.797900	33.336696	22
2.547000	1089.439000	1091.986000		4.830700	1087.135700	0.000000	2.283700	0.019800	198	0.009900	163.797900	33.348576	23
2.547000	1089.439000	1091.986000		4.929700	1087.036700	0.000000	2.382700	0.019800	198	0.009900	163.797900	33.360456	24
2.547000	1089.439000	1091.986000		5.028700	1086.937700	0.000000	2.481700	0.019800	198	0.009900	163.797900	33.372336	25
2.547000	1089.439000	1091.986000		5.127700	1086.838700	0.000000	2.580700	0.019800	198	0.009900	163.797900	33.384216	26
2.547000	1089.439000	1091.986000		5.226700	1086.739700	0.000000	2.679700	0.019800	198	0.009900	163.797900	33.396096	27
2.547000	1089.439000	1091.986000		5.325700	1086.640700	0.000000	2.778700	0.019800	198	0.009900	163.797900	33.407976	28
2.547000	1089.439000	1091.986000		5.424700	1086.541700	0.000000	2.877700	0.019800	198	0.009900	163.797900	33.419856	29
2.547000	1089.439000	1091.986000		5.523700	1086.442700	0.000000	2.976700	0.019800	198	0.009900	163.797900	33.431736	30
2.547000	1089.439000	1091.986000		5.622700	1086.343700	0.000000	3.075700	0.019800	198	0.009900	163.797900	33.443616	31
2.547000	1089.439000	1091.986000		5.721700	1086.244700	0.000000	3.174700	0.019800	198	0.009900	163.797900	33.455496	32
2.547000	1089.439000	1091.986000		5.820700	1086.145700	0.000000	3.273700	0.019800	198	0.009900	163.797900	33.467376	33
2.547000	1089.439000	1091.986000		5.919700	1086.046700	0.000000	3.372700	0.019800	198	0.009900	163.797900	33.479256	34
2.547000	1089.439000	1091.986000		6.018700	1085.947700	0.000000	3.471700	0.019800	198	0.009900	163.797900	33.491136	35
2.547000	1089.439000	1091.986000		6.117700	1085.848700	0.000000	3.570700	0.019800	198	0.009900	163.797900	33.503016	36
2.547000	1089.439000	1091.986000		6.216700	1085.749700	0.000000	3.669700	0.019800	198	0.009900	163.797900	33.514896	37
2.547000	1089.439000	1091.986000		6.315700	1085.650700	0.000000	3.768700	0.019800	198	0.009900	163.797900	33.526776	38
2.547000	1089.439000	1091.986000		6.414700	1085.551700	0.000000	3.867700	0.019800	198	0.009900	163.797900	33.538656	39
2.547000	1089.439000	1091.986000		6.513700	1085.452700	0.000000	3.966700	0.019800	198	0.009900	163.797900	33.550536	40
2.547000	1089.439000	1091.986000		6.612700	1085.353700	0.000000	4.065700	0.019800	198	0.009900	163.797900	33.562416	41
2.547000	1089.439000	1091.986000		6.711700	1085.254700	0.000000	4.164700	0.019800	198	0.009900	163.797900	33.574296	42
2.547000	1089.439000	1091.986000		6.810700	1085.155700	0.000000	4.263700	0.019800	198	0.009900	163.797900	33.586176	43
2.547000	1089.439000	1091.986000		6.909700	1085.056700	0.000000	4.362700	0.019800	198	0.009900	163.797900	33.598056	44
2.547000	1089.439000	1091.986000		7.008700	1084.957700	0.000000	4.461700	0.019800	198	0.009900	163.797900	33.609936	45
2.547000	1089.439000	1091.986000		7.107700	1084.858700	0.000000	4.560700	0.019800	198	0.009900	163.797900	33.621816	46
2.547000	1089.439000	1091.986000		7.206700	1084.759700	0.000000	4.659700	0.019800	198	0.009900	163.797900	33.633696	47
2.547000	1089.439000	1091.986000		7.305700	1084.660700	0.000000	4.758700	0.019800	198	0.009900	163.797900	33.645576	48
2.547000	1089.439000	1091.986000		7.404700	1084.561700	0.000000	4.857700	0.019800	198	0.009900	163.797900	33.657456	49
2.547000	1089.439000	1091.986000		7.503700	1084.462700	0.000000	4.956700	0.019800	198	0.009900	163.797900	33.669336	50
2.547000	1089.439000	1091.986000		7.602700	1084.363700	0.000000	5.055700	0.019800	198	0.009900	163.797900	33.681216	51
2.547000	1089.439000	1091.986000		7.701700	1084.264700	0.000000	5.154700	0.019800	198	0.009900	163.797900	33.693096	52
2.547000	1089.439000	1091.986000		7.800700	1084.165700	0.000000	5.253700	0.019800	198	0.009900	163.797900	33.704976	53
2.547000	1089.439000	1091.986000		7.899700	1084.066700	0.000000	5.352700	0.019800	198	0.009900	163.797900	33.716856	54
2.547000	1089.439000	1091.986000		7.998700	1083.967700	0.000000	5.451700	0.019800	198	0.009900	163.797900	33.728736	55
2.547000	1089.439000	1091.986000		8.097700	1083.868700	0.000000	5.550700	0.019800	198	0.009900	163.797900	33.740616	56
2.547000	1089.439000	1091.986000		8.196700	1083.769700	0.000000	5.649700	0.019800	198	0.009900	163.797900	33.752496	57
2.547000	1089.439000	1091.986000		8.295700	1083.670700	0.000000	5.748700	0.019800	198	0.009900	163.797900	33.764376	58
2.547000	1089.439000	1091.986000		8.394700	1083.571700	0.000000	5.847700	0.019800	198	0.009900	163.797900	33.776256	59
2.547000	1089.439000	1091.986000		8.493700	1083.472700	0.000000	5.946700	0.019800	198	0.009900	163.797900	33.788136	60
2.547000	1089.439000	1091.986000		8.592700	1083.373700	0.000000	6.045700	0.019800	198	0.009900	163.797900	33.800016	61
2.547000	1089.439000	1091.986000		8.691700	1083.274700	0.000000	6.144700	0.019800	198	0.009900	163.797900	33.811896	62
2.547000	1089.439000	1091.986000		8.790700	1083.175700	0.000000	6.243700	0.019800	198	0.009900	163.797900	33.823776	63
2.547000	1089.439000	1091.986000		8.889700	1083.076700	0.000000	6.342700	0.019800	198	0.009900	163.797900	33.835656	64
2.547000	1089.439000	1091.986000		8.988700	1082.977700	0.000000	6.441700	0.019800	198	0.009900	163.797900	33.847536	65
2.547000	1089.439000	1091.986000		9.087700	1082.878700	0.000000	6.540700	0.019800	198	0.009900	163.797900	33.859416	66
2.547000	1089.439000	1091.986000		9.186700	1082.779700	0.000000	6.639700	0.019800	198	0.009900	163.797900	33.871296	67
2.547000	1089.439000	1091.986000		9.285700	1082.680700	0.000000	6.738700	0.019800	198	0.009900	163.797900	33.883176	68
2.547000	1089.439000	1091.986000		9.384700	1082.581700	0.000000	6.837700	0.019800	198	0.009900	163.797900	33.895056	69
2.547000	1089.439000	1091.986000		9.483700	1082.482700	0.000000	6.936700	0.019800	198	0.009900	163.797900	33.906936	70
2.547000	1089.439000	1091.986000		9.582700	1082.383700	0.000000	7.035700	0.019800	198	0.009900	163.797900	33.918816	71
2.547000	1089.439000	1091.986000		9.681700	1082.284700	0.000000	7.134700	0.019800	198	0.009900	163.797900	33.930696	72
2.547000	1089.439000	1091.986000		9.780700	1082.185700	0.000000	7.233700	0.019800	198	0.009900	163.797900	33.942576	73
2.547000	1089.439000	1091.986000		9.879700	1082.086700	0.000000	7.332700	0.019800	198	0.009900	163.797900	33.954456	74
2.547000	1089.439000	1091.986000		9.978700	1081.987700	0.000000	7.431700	0.019800	198	0.009900	163.797900	33.966336	75
2.547000	1089.439000	1091.986000		10.077800	1081.888600	0.000000	7.530800	0.019800	198	0.009900	163.797900	33.978228	76
2.547000	1089.439000	1091.986000		10.176600	1081.790000	0.000000	7.629600	0.019600	196	0.009800	163.797900	33.989990	77
2.547000	1089.439000	1091.986000		10.274600	1081.692000	0.000000	7.727600	0.019600	196	0.009800	163.797900	34.001750	78
2.547000	1089.439000	1091.986000		10.372600	1081.594000	0.000000	7.825600	0.019600	196	0.009800	163.797900	34.013510	79
2.547000	1089.439000	1091.986000		10.470400	1081.496400	0.000000	7.923400	0.019400	194	0.009700	163.797900	34.025152	80
2.547000	1089.439000	1091.986000		10.567200	1081.399800	0.000000	8.020200	0.019200	192	0.009600	163.797900	34.036674	81
2.547000	1089.439000	1091.986000		10.662900	1081.304500	0.000000	8.115900	0.018800	188	0.009400	163.797900	34.047970	82
2.547000	1089.439000	1091.986000		10.756500	1081.211300	0.000000	8.209500	0.018400	184	0.009200	163.797900	34.059014	83
2.547000	1089.439000	1091.986000		10.848500	1081.119300	0.000000	8.301500	0.018400	184	0.009200	163.797900	34.070054	84
2.547000	1089.439000	1091.986000		10.940500	1081.027300	0.000000	8.393500	0.018400	184	0.009200	163.797900	34.081094	85
2.547000	1089.439000	1091.986000		11.032200	1080.936000	0.000000	8.485200	0.018000	180	0.009000	163.797900	34.091910	86
2.547000	1089.439000	1091.986000		11.122000	1080.846400	0.000000	8.575000	0.017800	178	0.008900	163.797900	34.102592	87
2.547000	1089.439000	1091.986000		11.210100	1080.759500	0.000000	8.663100	0.016600	166	0.008300	163.797900	34.112600	88
2.547000	1089.439000	1091.986000		11.292900	1080.676900	0.000000	8.745900	0.016400	164	0.008200	163.797900	34.122442	89
2.547000	1089.439000	1091.986000		11.374600	1080.595600	0.000000	8.827600	0.016000	160	0.008000	163.797900	34.132058	90
2.547000	1089.439000	1091.986000		11.454600	1080.515600	0.000000	8.907600	0.016000	160	0.008000	163.797900	34.141658	91
2.547000	1089.439000	1091.986000		11.534600	1080.435600	0.000000	8.987600	0.016000	160	0.008000	163.797900	34.151258	92
2.547000	1089.439000	1091.986000		11.614400	1080.356200	0.000000	9.067400	0.015600	156	0.007800	163.797900	34.160646	93
2.547000	1089.439000	1091.986000		11.691300	1080.280900	0.000000	9.144300	0.014000	140	0.007000	163.797900	34.169122	94
2.547000	1089.439000	1091.986000		11.760700	1080.213100	0.000000	9.213700	0.012400	124	0.006200	163.797900	34.176698	95
2.547000	1089.439000	1091.986000		11.822000	1080.154000	0.000000	9.275000	0.010200	102	0.005100	163.797900	34.183020	96
2.547000	1089.439000	1091.986000		11.872700	1080.105300	0.000000	9.325700	0.008200	82	0.004100	163.797900	34.188164	97
2.547000	1089.439000	1091.986000		11.913500	1080.066300	0.000000	9.366500	0.006400	64	0.003200	163.797900	34.192214	98
2.547000	1089.439000	1091.986000		11.945300	1080.035100	0.000000	9.398300	0.005800	58	0.002900	163.797900	34.195748	99
2.547000	1089.439000	1091.986000		11.974400	1080.006200	0.000000	9.427400	0.005600	56	0.002800	163.797900	34.199146	100
2.547000	1089.439000	1091.986000		12.002400	1079.978400	0.000000	9.455400	0.005400	54	0.002700	163.797900	34.202412	101
2.547000	1089.439000	1091.986000		12.029400	1079.951600	0.000000	9.482400	0.005200	52	0.002600	163.797900	34.205558	102
2.547000	1089.439000	1091.986000		12.055300	1079.926100	0.000000	9.508300	0.004800	48	0.002400	163.797900	34.208478	103
2.547000	1089.439000	1091.986000		12.079400	1079.902500	0.000000	9.532400	0.004200	42	0.002100	163.797900	34.211085	104
2.547000	1089.439000	1091.986000		12.100400	1079.881500	0.000000	9.553400	0.004200	42	0.002100	163.797900	34.213605	105
2.547000	1089.439000	1091.986000		12.121400	1079.860500	0.000000	9.574400	0.004200	42	0.002100	163.797900	34.216125	106
2.547000	1089.439000	1091.986000		12.142200	1079.840300	0.000000	9.595200	0.003600	36	0.001800	163.797900	34.218339	107
2.547000	1089.439000	1091.986000		12.160200	1079.822300	0.000000	9.613200	0.003600	36	0.001800	163.797900	34.220499	108
2.547000	1089.439000	1091.986000		12.178100	1079.805000	0.000000	9.631100	0.003000	30	0.001500	163.797900	34.222365	109
2.547000	1089.439000	1091.986000		12.193100	1079.790200	0.000000	9.646100	0.002800	28	0.001400	163.797900	34.224071	110
2.547000	1089.439000	1091.986000		12.207100	1079.776400	0.000000	9.660100	0.002600	26	0.001300	163.797900	34.225657	111
2.547000	1089.439000	1091.986000		12.220000	1079.763700	0.000000	9.673000	0.002400	24	0.001200	163.797900	34.227111	112
2.547000	1089.439000	1091.986000		12.232000	1079.751700	0.000000	9.685000	0.002400	24	0.001200	163.797900	34.228551	113
2.547000	1089.439000	1091.986000		12.244000	1079.739700	0.000000	9.697000	0.002400	24	0.001200	163.797900	34.229991	114
2.547000	1089.439000	1091.986000		12.256000	1079.727900	0.000000	9.709000	0.002200	22	0.001100	163.797900	34.231337	115
2.547000	1089.439000	1091.986000		12.267000	1079.716900	0.000000	9.720000	0.002200	22	0.001100	163.797900	34.232657	116
2.547000	1089.439000	1091.986000		12.278000	1079.705900	0.000000	9.731000	0.002200	22	0.001100	163.797900	34.233977	117
2.547000	1089.439000	1091.986000		12.288900	1079.695200	0.000000	9.741900	0.002000	20	0.001000	163.797900	34.235191	118
2.547000	1089.439000	1091.986000		12.298900	1079.685200	0.000000	9.751900	0.002000	20	0.001000	163.797900	34.236391	119
2.547000	1089.439000	1091.986000		12.308900	1079.675200	0.000000	9.761900	0.002000	20	0.001000	163.797900	34.237591	120
2.547000	1089.439000	1091.986000		12.318900	1079.665200	0.000000	9.771900	0.002000	20	0.001000	163.797900	34.238791	121
2.547000	1089.439000	1091.986000		12.328900	1079.655200	0.000000	9.781900	0.002000	20	0.001000	163.797900	34.239991	122
2.547000	1089.439000	1091.986000		12.338900	1079.645200	0.000000	9.791900	0.002000	20	0.001000	163.797900	34.241191	123
2.547000	1089.439000	1091.986000		12.348900	1079.635200	0.000000	9.801900	0.002000	20	0.001000	163.797900	34.242391	124
2.547000	1089.439000	1091.986000		12.358900	1079.625200	0.000000	9.811900	0.002000	20	0.001000	163.797900	34.243591	125
2.547000	1089.439000	1091.986000		12.368900	1079.615200	0.000000	9.821900	0.002000	20	0.001000	163.797900	34.244791	126
2.547000	1089.439000	1091.986000		12.378900	1079.605200	0.000000	9.831900	0.002000	20	0.001000	163.797900	34.245991	127
2.547000	1089.439000	1091.986000		12.388900	1079.595200	0.000000	9.841900	0.002000	20	0.001000	163.797900	34.247191	128
2.547000	1089.439000	1091.986000		12.398900	1079.585200	0.000000	9.851900	0.002000	20	0.001000	163.797900	34.248391	129
2.547000	1089.439000	1091.986000		12.408900	1079.575200	0.000000	9.861900	0.002000	20	0.001000	163.797900	34.249591	130
2.547000	1089.439000	1091.986000		12.418900	1079.565200	0.000000	9.871900	0.002000	20	0.001000	163.797900	34.250791	131
2.547000	1089.439000	1091.986000		12.428900	1079.555200	0.000000	9.881900	0.002000	20	0.001000	163.797900	34.251991	132
2.547000	1089.439000	1091.986000		12.438900	1079.545200	0.000000	9.891900	0.002000	20	0.001000	163.797900	34.253191	133
2.547000	1089.439000	1091.986000		12.448900	1079.535200	0.000000	9.901900	0.002000	20	0.001000	163.797900	34.254391	134
2.547000	1089.439000	1091.986000		12.458900	1079.525200	0.000000	9.911900	0.002000	20	0.001000	163.797900	34.255591	135
2.547000	1089.439000	1091.986000		12.468900	1079.515200	0.000000	9.921900	0.002000	20	0.001000	163.797900	34.256791	136
2.547000	1089.439000	1091.986000		12.478900	1079.505200	0.000000	9.931900	0.002000	20	0.001000	163.797900	34.257991	137
2.547000	1089.439000	1091.986000		12.488900	1079.495200	0.000000	9.941900	0.002000	20	0.001000	163.797900	34.259191	138
2.547000	1089.439000	1091.986000		12.498900	1079.485200	0.000000	9.951900	0.002000	20	0.001000	163.797900	34.260391	139
2.547000	1089.439000	1091.986000		12.508900	1079.475200	0.000000	9.961900	0.002000	20	0.001000	163.797900	34.261591	140
2.547000	1089.439000	1091.986000		12.518900	1079.465200	0.000000	9.971900	0.002000	20	0.001000	163.797900	34.262791	141
2.547000	1089.439000	1091.986000		12.528900	1079.455200	0.000000	9.981900	0.002000	20	0.001000	163.797900	34.263991	142
2.547000	1089.439000	1091.986000		12.538900	1079.445200	0.000000	9.991900	0.002000	20	0.001000	163.797900	34.265191	143
2.547000	1089.439000	1091.986000		12.548900	1079.435200	0.000000	10.001900	0.002000	20	0.001000	163.797900	34.266391	144
2.547000	1089.439000	1091.986000		12.558900	1079.425200	0.000000	10.011900	0.002000	20	0.001000	163.797900	34.267591	145
2.547000	1089.439000	1091.986000		12.568900	1079.415200	0.000000	10.021900	0.002000	20	0.001000	163.797900	34.268791	146
2.547000	1089.439000	1091.986000		12.578900	1079.405200	0.000000	10.031900	0.002000	20	0.001000	163.797900	34.269991	147
2.547000	1089.439000	1091.986000		12.588900	1079.395200	0.000000	10.041900	0.002000	20	0.001000	163.797900	34.271191	148
2.547000	1089.439000	1091.986000		12.598900	1079.385200	0.000000	10.051900	0.002000	20	0.001000	163.797900	34.272391	149
2.547000	1089.439000	1091.986000		12.608900	1079.375200	0.000000	10.061900	0.002000	20	0.001000	163.797900	34.273591	150
2.547000	1089.439000	1091.986000		12.618900	1079.365200	0.000000	10.071900	0.002000	20	0.001000	163.797900	34.274791	151
2.547000	1089.439000	1091.986000		12.628900	1079.355200	0.000000	10.081900	0.002000	20	0.001000	163.797900	34.275991	152
2.547000	1089.439000	1091.986000		12.638900	1079.345200	0.000000	10.091900	0.002000	20	0.001000	163.797900	34.277191	153
2.547000	1089.439000	1091.986000		12.648900	1079.335200	0.000000	10.101900	0.002000	20	0.001000	163.797900	34.278391	154
2.547000	1089.439000	1091.986000		12.658900	1079.325200	0.000000	10.111900	0.002000	20	0.001000	163.797900	34.279591	155
2.547000	1089.439000	1091.986000		12.668900	1079.315200	0.000000	10.121900	0.002000	20	0.001000	163.797900	34.280791	156
2.547000	1089.439000	1091.986000		12.678900	1079.305200	0.000000	10.131900	0.002000	20	0.001000	163.797900	34.281991	157
2.547000	1089.439000	1091.986000		12.688900	1079.295200	0.000000	10.141900	0.002000	20	0.001000	163.797900	34.283191	158
2.547000	1089.439000	1091.986000		12.698900	1079.285200	0.000000	10.151900	0.002000	20	0.001000	163.797900	34.284391	159
2.547000	1089.439000	1091.986000		12.708900	1079.275200	0.000000	10.161900	0.002000	20	0.001000	163.797900	34.285591	160
2.547000	1089.439000	1091.986000		12.718900	1079.265200	0.000000	10.171900	0.002000	20	0.001000	163.797900	34.286791	161
2.547000	1089.439000	1091.986000		12.728900	1079.255200	0.000000	10.181900	0.002000	20	0.001000	163.797900	34.287991	162
2.547000	1089.439000	1091.986000		12.738900	1079.245200	0.000000	10.191900	0.002000	20	0.001000	163.797900	34.289191	163
2.547000	1089.439000	1091.986000		12.748900	1079.235200	0.000000	10.201900	0.002000	20	0.001000	163.797900	34.290391	164
2.547000	1089.439000	1091.986000		12.758900	1079.225200	0.000000	10.211900	0.002000	20	0.001000	163.797900	34.291591	165
2.547000	1089.439000	1091.986000		12.768900	1079.215200	0.000000	10.221900	0.002000	20	0.001000	163.797900	34.292791	166
2.547000	1089.439000	1091.986000		12.778900	1079.205200	0.000000	10.231900	0.002000	20	0.001000	163.797900	34.293991	167
2.547000	1089.439000	1091.986000		12.788900	1079.195200	0.000000	10.241900	0.002000	20	0.001000	163.797900	34.295191	168
2.547000	1089.439000	1091.986000		12.798900	1079.185200	0.000000	10.251900	0.002000	20	0.001000	163.797900	34.296391	169
2.547000	1089.439000	1091.986000		12.808900	1079.175200	0.000000	10.261900	0.002000	20	0.001000	163.797900	34.297591	170
2.547000	1089.439000	1091.986000		12.818900	1079.165200	0.000000	10.271900	0.002000	20	0.001000	163.797900	34.298791	171
2.547000	1089.439000	1091.986000		12.828900	1079.155200	0.000000	10.281900	0.002000	20	0.001000	163.797900	34.299991	172
2.547000	1089.439000	1091.986000		12.838900	1079.145200	0.000000	10.291900	0.002000	20	0.001000	163.797900	34.301191	173
2.547000	1089.439000	1091.986000		12.848900	1079.135200	0.000000	10.301900	0.002000	20	0.001000	163.797900	34.302391	174
2.547000	1089.439000	1091.986000		12.858900	1079.125200	0.000000	10.311900	0.002000	20	0.001000	163.797900	34.303591	175
2.547000	1089.439000	1091.986000		12.868900	1079.115200	0.000000	10.321900	0.002000	20	0.001000	163.797900	34.304791	176
2.547000	1089.439000	1091.986000		12.878900	1079.105200	0.000000	10.331900	0.002000	20	0.001000	163.797900	34.305991	177
2.547000	1089.439000	1091.986000		12.888900	1079.095200	0.000000	10.341900	0.002000	20	0.001000	163.797900	34.307191	178
2.547000	1089.439000	1091.986000		12.898900	1079.085200	0.000000	10.351900	0.002000	20	0.001000	163.797900	34.308391	179
2.547000	1089.439000	1091.986000		12.908900	1079.075200	0.000000	10.361900	0.002000	20	0.001000	163.797900	34.309591	180
2.547000	1089.439000	1091.986000		12.918900	1079.065200	0.000000	10.371900	0.002000	20	0.001000	163.797900	34.310791	181
2.547000	1089.439000	1091.986000		12.928900	1079.055200	0.000000	10.381900	0.002000	20	0.001000	163.797900	34.311991	182
2.547000	1089.439000	1091.986000		12.938900	1079.045200	0.000000	10.391900	0.002000	20	0.001000	163.797900	34.313191	183
2.547000	1089.439000	1091.986000		12.948900	1079.035200	0.000000	10.401900	0.002000	20	0.001000	163.797900	34.314391	184
2.547000	1089.439000	1091.986000		12.958900	1079.025200	0.000000	10.411900	0.002000	20	0.001000	163.797900	34.315591	185
2.547000	1089.439000	1091.986000		12.968900	1079.015200	0.000000	10.421900	0.002000	20	0.001000	163.797900	34.316791	186
2.547000	1089.439000	1091.986000		12.978900	1079.005200	0.000000	10.431900	0.002000	20	0.001000	163.797900	34.317991	187
2.547000	1089.439000	1091.986000		12.988900	1078.995200	0.000000	10.441900	0.002000	20	0.001000	163.797900	34.319191	188
2.547000	1089.439000	1091.986000		12.998900	1078.985200	0.000000	10.451900	0.002000	20	0.001000	163.797900	34.320391	189
2.547000	1089.439000	1091.986000		13.008900	1078.975200	0.000000	10.461900	0.002000	20	0.001000	163.797900	34.321591	190
2.547000	1089.439000	1091.986000		13.018900	1078.965200	0.000000	10.471900	0.002000	20	0.001000	163.797900	34.322791	191
2.547000	1089.439000	1091.986000		13.028900	1078.955200	0.000000	10.481900	0.002000	20	0.001000	163.797900	34.323991	192
2.547000	1089.439000	1091.986000		13.038900	1078.945200	0.000000	10.491900	0.002000	20	0.001000	163.797900	34.325191	193
2.547000	1089.439000	1091.986000		13.048900	1078.935200	0.000000	10.501900	0.002000	20	0.001000	163.797900	34.326391	194
2.547000	1089.439000	1091.986000		13.058900	1078.925200	0.000000	10.511900	0.002000	20	0.001000	163.797900	34.327591	195
2.547000	1089.439000	1091.986000		13.068900	1078.915200	0.000000	10.521900	0.002000	20	0.001000	163.797900	34.328791	196
2.547000	1089.439000	1091.986000		13.078900	1078.905200	0.000000	10.531900	0.002000	20	0.001000	163.797900	34.329991	197
2.547000	1089.439000	1091.986000		13.088900	1078.895200	0.000000	10.541900	0.002000	20	0.001000	163.797900	34.331191	198
2.547000	1089.439000	1091.986000		13.098900	1078.885200	0.000000	10.551900	0.002000	20	0.001000	163.797900	34.332391	199
