active_time	inactive_time	time_no_dpm	time_dpm	time_run	time_idle	time_sleep	time_waiting	time_transitions	transitions	energy_transitions	energy_no_dpm	energy_dpm	timeout
2.547000	1089.439000	1091.986000		2.556900	0.000000	1088.938200	0.009900	0.495000	198	0.199980	30.138814	0.368555	0
2.547000	1089.439000	1091.986000		2.652800	0.000000	1088.842300	0.105800	0.495000	198	0.199980	30.138814	0.371193	1
2.547000	1089.439000	1091.986000		2.751700	0.000000	1088.743400	0.204700	0.495000	198	0.199980	30.138814	0.373914	2
2.547000	1089.439000	1091.986000		2.850700	0.000000	1088.644400	0.303700	0.495000	198	0.199980	30.138814	0.376637	3
2.547000	1089.439000	1091.986000		2.949700	0.000000	1088.545400	0.402700	0.495000	198	0.199980	30.138814	0.379361	4
2.547000	1089.439000	1091.986000		3.048800	0.000000	1088.446300	0.501800	0.495000	198	0.199980	30.138814	0.382087	5
2.547000	1089.439000	1091.986000		3.147800	0.000000	1088.347300	0.600800	0.495000	198	0.199980	30.138814	0.384811	6
2.547000	1089.439000	1091.986000		3.246800	0.000000	1088.248300	0.699800	0.495000	198	0.199980	30.138814	0.387534	7
2.547000	1089.439000	1091.986000		3.345800	0.000000	1088.149300	0.798800	0.495000	198	0.199980	30.138814	0.390258	8
2.547000	1089.439000	1091.986000		3.444800	0.000000	1088.050300	0.897800	0.495000	198	0.199980	30.138814	0.392981	9
2.547000	1089.439000	1091.986000		3.543800	0.000000	1087.951300	0.996800	0.495000	198	0.199980	30.138814	0.395704	10
2.547000	1089.439000	1091.986000		3.642800	0.000000	1087.852300	1.095800	0.495000	198	0.199980	30.138814	0.398428	11
2.547000	1089.439000	1091.986000		3.741800	0.000000	1087.753300	1.194800	0.495000	198	0.199980	30.138814	0.401151	12
2.547000	1089.439000	1091.986000		3.840800	0.000000	1087.654300	1.293800	0.495000	198	0.199980	30.138814	0.403875	13
2.547000	1089.439000	1091.986000		3.939800	0.000000	1087.555300	1.392800	0.495000	198	0.199980	30.138814	0.406598	14
2.547000	1089.439000	1091.986000		4.038800	0.000000	1087.456300	1.491800	0.495000	198	0.199980	30.138814	0.409322	15
2.547000	1089.439000	1091.986000		4.137800	0.000000	1087.357300	1.590800	0.495000	198	0.199980	30.138814	0.412045	16
2.547000	1089.439000	1091.986000		4.236800	0.000000	1087.258300	1.689800	0.495000	198	0.199980	30.138814	0.414769	17
2.547000	1089.439000	1091.986000		4.335800	0.000000	1087.159300	1.788800	0.495000	198	0.199980	30.138814	0.417492	18
2.547000	1089.439000	1091.986000		4.434800	0.000000	1087.060300	1.887800	0.495000	198	0.199980	30.138814	0.420216	19
2.547000	1089.439000	1091.986000		4.533700	0.000000	1086.961400	1.986700	0.495000	198	0.199980	30.138814	0.422937	20
2.547000	1089.439000	1091.986000		4.632700	0.000000	1086.862400	2.085700	0.495000	198	0.199980	30.138814	0.425660	21
2.547000	1089.439000	1091.986000		4.731700	0.000000	1086.763400	2.184700	0.495000	198	0.199980	30.138814	0.428384	22
2.547000	1089.439000	1091.986000		4.830700	0.000000	1086.664400	2.283700	0.495000	198	0.199980	30.138814	0.431107	23
2.547000	1089.439000	1091.986000		4.929700	0.000000	1086.565400	2.382700	0.495000	198	0.199980	30.138814	0.433831	24
2.547000	1089.439000	1091.986000		5.028700	0.000000	1086.466400	2.481700	0.495000	198	0.199980	30.138814	0.436554	25
2.547000	1089.439000	1091.986000		5.127700	0.000000	1086.367400	2.580700	0.495000	198	0.199980	30.138814	0.439278	26
2.547000	1089.439000	1091.986000		5.226700	0.000000	1086.268400	2.679700	0.495000	198	0.199980	30.138814	0.442001	27
2.547000	1089.439000	1091.986000		5.325700	0.000000	1086.169400	2.778700	0.495000	198	0.199980	30.138814	0.444725	28
2.547000	1089.439000	1091.986000		5.424700	0.000000	1086.070400	2.877700	0.495000	198	0.199980	30.138814	0.447448	29
2.547000	1089.439000	1091.986000		5.523700	0.000000	1085.971400	2.976700	0.495000	198	0.199980	30.138814	0.450172	30
2.547000	1089.439000	1091.986000		5.622700	0.000000	1085.872400	3.075700	0.495000	198	0.199980	30.138814	0.452895	31
2.547000	1089.439000	1091.986000		5.721700	0.000000	1085.773400	3.174700	0.495000	198	0.199980	30.138814	0.455619	32
2.547000	1089.439000	1091.986000		5.820700	0.000000	1085.674400	3.273700	0.495000	198	0.199980	30.138814	0.458342	33
2.547000	1089.439000	1091.986000		5.919700	0.000000	1085.575400	3.372700	0.495000	198	0.199980	30.138814	0.461066	34
2.547000	1089.439000	1091.986000		6.018700	0.000000	1085.476400	3.471700	0.495000	198	0.199980	30.138814	0.463789	35
2.547000	1089.439000	1091.986000		6.117700	0.000000	1085.377400	3.570700	0.495000	198	0.199980	30.138814	0.466512	36
2.547000	1089.439000	1091.986000		6.216700	0.000000	1085.278400	3.669700	0.495000	198	0.199980	30.138814	0.469236	37
2.547000	1089.439000	1091.986000		6.315700	0.000000	1085.179400	3.768700	0.495000	198	0.199980	30.138814	0.471959	38
2.547000	1089.439000	1091.986000		6.414700	0.000000	1085.080400	3.867700	0.495000	198	0.199980	30.138814	0.474683	39
2.547000	1089.439000	1091.986000		6.513700	0.000000	1084.981400	3.966700	0.495000	198	0.199980	30.138814	0.477406	40
2.547000	1089.439000	1091.986000		6.612700	0.000000	1084.882400	4.065700	0.495000	198	0.199980	30.138814	0.480130	41
2.547000	1089.439000	1091.986000		6.711700	0.000000	1084.783400	4.164700	0.495000	198	0.199980	30.138814	0.482853	42
2.547000	1089.439000	1091.986000		6.810700	0.000000	1084.684400	4.263700	0.495000	198	0.199980	30.138814	0.485577	43
2.547000	1089.439000	1091.986000		6.909700	0.000000	1084.585400	4.362700	0.495000	198	0.199980	30.138814	0.488300	44
2.547000	1089.439000	1091.986000		7.008700	0.000000	1084.486400	4.461700	0.495000	198	0.199980	30.138814	0.491024	45
2.547000	1089.439000	1091.986000		7.107700	0.000000	1084.387400	4.560700	0.495000	198	0.199980	30.138814	0.493747	46
2.547000	1089.439000	1091.986000		7.206700	0.000000	1084.288400	4.659700	0.495000	198	0.199980	30.138814	0.496471	47
2.547000	1089.439000	1091.986000		7.305700	0.000000	1084.189400	4.758700	0.495000	198	0.199980	30.138814	0.499194	48
2.547000	1089.439000	1091.986000		7.404700	0.000000	1084.090400	4.857700	0.495000	198	0.199980	30.138814	0.501918	49
2.547000	1089.439000	1091.986000		7.503700	0.000000	1083.991400	4.956700	0.495000	198	0.199980	30.138814	0.504641	50
2.547000	1089.439000	1091.986000		7.602700	0.000000	1083.892400	5.055700	0.495000	198	0.199980	30.138814	0.507365	51
2.547000	1089.439000	1091.986000		7.701700	0.000000	1083.793400	5.154700	0.495000	198	0.199980	30.138814	0.510088	52
2.547000	1089.439000	1091.986000		7.800700	0.000000	1083.694400	5.253700	0.495000	198	0.199980	30.138814	0.512812	53
2.547000	1089.439000	1091.986000		7.899700	0.000000	1083.595400	5.352700	0.495000	198	0.199980	30.138814	0.515535	54
2.547000	1089.439000	1091.986000		7.998700	0.000000	1083.496400	5.451700	0.495000	198	0.199980	30.138814	0.518259	55
2.547000	1089.439000	1091.986000		8.097700	0.000000	1083.397400	5.550700	0.495000	198	0.199980	30.138814	0.520982	56
2.547000	1089.439000	1091.986000		8.196700	0.000000	1083.298400	5.649700	0.495000	198	0.199980	30.138814	0.523706	57
2.547000	1089.439000	1091.986000		8.295700	0.000000	1083.199400	5.748700	0.495000	198	0.199980	30.138814	0.526429	58
2.547000	1089.439000	1091.986000		8.394700	0.000000	1083.100400	5.847700	0.495000	198	0.199980	30.138814	0.529153	59
2.547000	1089.439000	1091.986000		8.493700	0.000000	1083.001400	5.946700	0.495000	198	0.199980	30.138814	0.531876	60
2.547000	1089.439000	1091.986000		8.592700	0.000000	1082.902400	6.045700	0.495000	198	0.199980	30.138814	0.534600	61
2.547000	1089.439000	1091.986000		8.691700	0.000000	1082.803400	6.144700	0.495000	198	0.199980	30.138814	0.537323	62
2.547000	1089.439000	1091.986000		8.790700	0.000000	1082.704400	6.243700	0.495000	198	0.199980	30.138814	0.540047	63
2.547000	1089.439000	1091.986000		8.889700	0.000000	1082.605400	6.342700	0.495000	198	0.199980	30.138814	0.542770	64
2.547000	1089.439000	1091.986000		8.988700	0.000000	1082.506400	6.441700	0.495000	198	0.199980	30.138814	0.545494	65
2.547000	1089.439000	1091.986000		9.087700	0.000000	1082.407400	6.540700	0.495000	198	0.199980	30.138814	0.548217	66
2.547000	1089.439000	1091.986000		9.186700	0.000000	1082.308400	6.639700	0.495000	198	0.199980	30.138814	0.550941	67
2.547000	1089.439000	1091.986000		9.285700	0.000000	1082.209400	6.738700	0.495000	198	0.199980	30.138814	0.553664	68
2.547000	1089.439000	1091.986000		9.384700	0.000000	1082.110400	6.837700	0.495000	198	0.199980	30.138814	0.556388	69
2.547000	1089.439000	1091.986000		9.483700	0.000000	1082.011400	6.936700	0.495000	198	0.199980	30.138814	0.559111	70
2.547000	1089.439000	1091.986000		9.582700	0.000000	1081.912400	7.035700	0.495000	198	0.199980	30.138814	0.561835	71
2.547000	1089.439000	1091.986000		9.681700	0.000000	1081.813400	7.134700	0.495000	198	0.199980	30.138814	0.564558	72
2.547000	1089.439000	1091.986000		9.780600	0.000000	1081.719500	7.233600	0.490000	196	0.197960	30.138814	0.565259	73
2.547000	1089.439000	1091.986000		9.878600	0.000000	1081.621500	7.331600	0.490000	196	0.197960	30.138814	0.567955	74
2.547000	1089.439000	1091.986000		9.976600	0.000000	1081.523500	7.429600	0.490000	196	0.197960	30.138814	0.570651	75
2.547000	1089.439000	1091.986000		10.074600	0.000000	1081.430500	7.527600	0.485000	194	0.195940	30.138814	0.571328	76
2.547000	1089.439000	1091.986000		10.171500	0.000000	1081.338600	7.624500	0.480000	192	0.193920	30.138814	0.571974	77
2.547000	1089.439000	1091.986000		10.267400	0.000000	1081.252700	7.720400	0.470000	188	0.189880	30.138814	0.570573	78
2.547000	1089.439000	1091.986000		10.361200	0.000000	1081.168900	7.814200	0.460000	184	0.185840	30.138814	0.569114	79
2.547000	1089.439000	1091.986000		10.453200	0.000000	1081.076900	7.906200	0.460000	184	0.185840	30.138814	0.571645	80
2.547000	1089.439000	1091.986000		10.545200	0.000000	1080.984900	7.998200	0.460000	184	0.185840	30.138814	0.574176	81
2.547000	1089.439000	1091.986000		10.637100	0.000000	1080.903000	8.090100	0.450000	180	0.181800	30.138814	0.572665	82
2.547000	1089.439000	1091.986000		10.726900	0.000000	1080.818200	8.179900	0.445000	178	0.179780	30.138814	0.573116	83
2.547000	1089.439000	1091.986000		10.817700	0.000000	1080.752400	8.270700	0.420000	168	0.169680	30.138814	0.565516	84
2.547000	1089.439000	1091.986000		10.901600	0.000000	1080.673500	8.354600	0.415000	166	0.167660	30.138814	0.565805	85
2.547000	1089.439000	1091.986000		10.984400	0.000000	1080.605700	8.437400	0.400000	160	0.161600	30.138814	0.562024	86
2.547000	1089.439000	1091.986000		11.064400	0.000000	1080.525700	8.517400	0.400000	160	0.161600	30.138814	0.564225	87
2.547000	1089.439000	1091.986000		11.144400	0.000000	1080.445700	8.597400	0.400000	160	0.161600	30.138814	0.566426	88
2.547000	1089.439000	1091.986000		11.224400	0.000000	1080.370700	8.677400	0.395000	158	0.159580	30.138814	0.566607	89
2.547000	1089.439000	1091.986000		11.302700	0.000000	1080.327400	8.755700	0.360000	144	0.145440	30.138814	0.554624	90
2.547000	1089.439000	1091.986000		11.376500	0.000000	1080.268600	8.829500	0.345000	138	0.139380	30.138814	0.550596	91
2.547000	1089.439000	1091.986000		11.447500	0.000000	1080.217600	8.900500	0.325000	130	0.131300	30.138814	0.544471	92
2.547000	1089.439000	1091.986000		11.515100	0.000000	1080.175000	8.968100	0.300000	120	0.121200	30.138814	0.536233	93
2.547000	1089.439000	1091.986000		11.575700	0.000000	1080.134400	9.028700	0.280000	112	0.113120	30.138814	0.529821	94
2.547000	1089.439000	1091.986000		11.647200	0.000000	1080.087900	9.100200	0.255000	102	0.103020	30.138814	0.521691	95
2.547000	1089.439000	1091.986000		11.708300	0.000000	1080.046800	9.161300	0.235000	94	0.094940	30.138814	0.515293	96
2.547000	1089.439000	1091.986000		11.775000	0.000000	1080.010100	9.228000	0.205000	82	0.082820	30.138814	0.505011	97
2.547000	1089.439000	1091.986000		11.831500	0.000000	1079.998600	9.284500	0.160000	64	0.064640	30.138814	0.488389	98
2.547000	1089.439000	1091.986000		11.867300	0.000000	1079.977800	9.320300	0.145000	58	0.058580	30.138814	0.483315	99
2.547000	1089.439000	1091.986000		11.900200	0.000000	1079.949900	9.353200	0.140000	56	0.056560	30.138814	0.482201	100
2.547000	1089.439000	1091.986000		11.932100	0.000000	1079.923000	9.385100	0.135000	54	0.054540	30.138814	0.481059	101
2.547000	1089.439000	1091.986000		11.962800	0.000000	1079.897300	9.415800	0.130000	52	0.052520	30.138814	0.479884	102
2.547000	1089.439000	1091.986000		12.000600	0.000000	1079.879500	9.453600	0.110000	44	0.044440	30.138814	0.472846	103
2.547000	1089.439000	1091.986000		12.030600	0.000000	1079.860500	9.483600	0.095000	38	0.038380	30.138814	0.467612	104
2.547000	1089.439000	1091.986000		12.049600	0.000000	1079.841500	9.502600	0.095000	38	0.038380	30.138814	0.468135	105
2.547000	1089.439000	1091.986000		12.068500	0.000000	1079.822600	9.521500	0.095000	38	0.038380	30.138814	0.468655	106
2.547000	1089.439000	1091.986000		12.091400	0.000000	1079.804700	9.544400	0.090000	36	0.036360	30.138814	0.467265	107
2.547000	1089.439000	1091.986000		12.113400	0.000000	1079.787700	9.566400	0.085000	34	0.034340	30.138814	0.465851	108
2.547000	1089.439000	1091.986000		12.134100	0.000000	1079.782000	9.587100	0.070000	28	0.028280	30.138814	0.460362	109
2.547000	1089.439000	1091.986000		12.152000	0.000000	1079.769100	9.605000	0.065000	26	0.026260	30.138814	0.458834	110
2.547000	1089.439000	1091.986000		12.169000	0.000000	1079.757100	9.622000	0.060000	24	0.024240	30.138814	0.457283	111
2.547000	1089.439000	1091.986000		12.181000	0.000000	1079.745100	9.634000	0.060000	24	0.024240	30.138814	0.457613	112
2.547000	1089.439000	1091.986000		12.193000	0.000000	1079.733100	9.646000	0.060000	24	0.024240	30.138814	0.457943	113
2.547000	1089.439000	1091.986000		12.204900	0.000000	1079.721200	9.657900	0.060000	24	0.024240	30.138814	0.458270	114
2.547000	1089.439000	1091.986000		12.220900	0.000000	1079.710200	9.673900	0.055000	22	0.022220	30.138814	0.456691	115
2.547000	1089.439000	1091.986000		12.231900	0.000000	1079.699200	9.684900	0.055000	22	0.022220	30.138814	0.456993	116
2.547000	1089.439000	1091.986000		12.242900	0.000000	1079.688200	9.695900	0.055000	22	0.022220	30.138814	0.457296	117
2.547000	1089.439000	1091.986000		12.253800	0.000000	1079.682300	9.706800	0.050000	20	0.020200	30.138814	0.455576	118
2.547000	1089.439000	1091.986000		12.263800	0.000000	1079.672300	9.716800	0.050000	20	0.020200	30.138814	0.455851	119
2.547000	1089.439000	1091.986000		12.273800	0.000000	1079.662300	9.726800	0.050000	20	0.020200	30.138814	0.456126	120
2.547000	1089.439000	1091.986000		12.283800	0.000000	1079.652300	9.736800	0.050000	20	0.020200	30.138814	0.456402	121
2.547000	1089.439000	1091.986000		12.293800	0.000000	1079.642300	9.746800	0.050000	20	0.020200	30.138814	0.456677	122
2.547000	1089.439000	1091.986000		12.303800	0.000000	1079.632300	9.756800	0.050000	20	0.020200	30.138814	0.456952	123
2.547000	1089.439000	1091.986000		12.313800	0.000000	1079.622300	9.766800	0.050000	20	0.020200	30.138814	0.457227	124
2.547000	1089.439000	1091.986000		12.323800	0.000000	1079.612300	9.776800	0.050000	20	0.020200	30.138814	0.457502	125
2.547000	1089.439000	1091.986000		12.333800	0.000000	1079.602300	9.786800	0.050000	20	0.020200	30.138814	0.457777	126
2.547000	1089.439000	1091.986000		12.343800	0.000000	1079.592300	9.796800	0.050000	20	0.020200	30.138814	0.458052	127
2.547000	1089.439000	1091.986000		12.353800	0.000000	1079.582300	9.806800	0.050000	20	0.020200	30.138814	0.458327	128
2.547000	1089.439000	1091.986000		12.363800	0.000000	1079.572300	9.816800	0.050000	20	0.020200	30.138814	0.458602	129
2.547000	1089.439000	1091.986000		12.373800	0.000000	1079.562300	9.826800	0.050000	20	0.020200	30.138814	0.458877	130
2.547000	1089.439000	1091.986000		12.383800	0.000000	1079.552300	9.836800	0.050000	20	0.020200	30.138814	0.459153	131
2.547000	1089.439000	1091.986000		12.393800	0.000000	1079.542300	9.846800	0.050000	20	0.020200	30.138814	0.459428	132
2.547000	1089.439000	1091.986000		12.403800	0.000000	1079.532300	9.856800	0.050000	20	0.020200	30.138814	0.459703	133
2.547000	1089.439000	1091.986000		12.413800	0.000000	1079.522300	9.866800	0.050000	20	0.020200	30.138814	0.459978	134
2.547000	1089.439000	1091.986000		12.423800	0.000000	1079.512300	9.876800	0.050000	20	0.020200	30.138814	0.460253	135
2.547000	1089.439000	1091.986000		12.433800	0.000000	1079.502300	9.886800	0.050000	20	0.020200	30.138814	0.460528	136
2.547000	1089.439000	1091.986000		12.443800	0.000000	1079.492300	9.896800	0.050000	20	0.020200	30.138814	0.460803	137
2.547000	1089.439000	1091.986000		12.453800	0.000000	1079.482300	9.906800	0.050000	20	0.020200	30.138814	0.461078	138
2.547000	1089.439000	1091.986000		12.463800	0.000000	1079.472300	9.916800	0.050000	20	0.020200	30.138814	0.461353	139
2.547000	1089.439000	1091.986000		12.473800	0.000000	1079.462300	9.926800	0.050000	20	0.020200	30.138814	0.461628	140
2.547000	1089.439000	1091.986000		12.483800	0.000000	1079.452300	9.936800	0.050000	20	0.020200	30.138814	0.461904	141
2.547000	1089.439000	1091.986000		12.493800	0.000000	1079.442300	9.946800	0.050000	20	0.020200	30.138814	0.462179	142
2.547000	1089.439000	1091.986000		12.503800	0.000000	1079.432300	9.956800	0.050000	20	0.020200	30.138814	0.462454	143
2.547000	1089.439000	1091.986000		12.513800	0.000000	1079.422300	9.966800	0.050000	20	0.020200	30.138814	0.462729	144
2.547000	1089.439000	1091.986000		12.523800	0.000000	1079.412300	9.976800	0.050000	20	0.020200	30.138814	0.463004	145
2.547000	1089.439000	1091.986000		12.533800	0.000000	1079.402300	9.986800	0.050000	20	0.020200	30.138814	0.463279	146
2.547000	1089.439000	1091.986000		12.543800	0.000000	1079.392300	9.996800	0.050000	20	0.020200	30.138814	0.463554	147
2.547000	1089.439000	1091.986000		12.553800	0.000000	1079.382300	10.006800	0.050000	20	0.020200	30.138814	0.463829	148
2.547000	1089.439000	1091.986000		12.563800	0.000000	1079.372300	10.016800	0.050000	20	0.020200	30.138814	0.464104	149
2.547000	1089.439000	1091.986000		12.573800	0.000000	1079.362300	10.026800	0.050000	20	0.020200	30.138814	0.464379	150
2.547000	1089.439000	1091.986000		12.583800	0.000000	1079.352300	10.036800	0.050000	20	0.020200	30.138814	0.464655	151
2.547000	1089.439000	1091.986000		12.593800	0.000000	1079.342300	10.046800	0.050000	20	0.020200	30.138814	0.464930	152
2.547000	1089.439000	1091.986000		12.603800	0.000000	1079.332300	10.056800	0.050000	20	0.020200	30.138814	0.465205	153
2.547000	1089.439000	1091.986000		12.613800	0.000000	1079.322300	10.066800	0.050000	20	0.020200	30.138814	0.465480	154
2.547000	1089.439000	1091.986000		12.623800	0.000000	1079.312300	10.076800	0.050000	20	0.020200	30.138814	0.465755	155
2.547000	1089.439000	1091.986000		12.633800	0.000000	1079.302300	10.086800	0.050000	20	0.020200	30.138814	0.466030	156
2.547000	1089.439000	1091.986000		12.643800	0.000000	1079.292300	10.096800	0.050000	20	0.020200	30.138814	0.466305	157
2.547000	1089.439000	1091.986000		12.653800	0.000000	1079.282300	10.106800	0.050000	20	0.020200	30.138814	0.466580	158
2.547000	1089.439000	1091.986000		12.663800	0.000000	1079.272300	10.116800	0.050000	20	0.020200	30.138814	0.466855	159
2.547000	1089.439000	1091.986000		12.673800	0.000000	1079.262300	10.126800	0.050000	20	0.020200	30.138814	0.467130	160
2.547000	1089.439000	1091.986000		12.683800	0.000000	1079.252300	10.136800	0.050000	20	0.020200	30.138814	0.467406	161
2.547000	1089.439000	1091.986000		12.693800	0.000000	1079.242300	10.146800	0.050000	20	0.020200	30.138814	0.467681	162
2.547000	1089.439000	1091.986000		12.703800	0.000000	1079.232300	10.156800	0.050000	20	0.020200	30.138814	0.467956	163
2.547000	1089.439000	1091.986000		12.713800	0.000000	1079.222300	10.166800	0.050000	20	0.020200	30.138814	0.468231	164
2.547000	1089.439000	1091.986000		12.723800	0.000000	1079.212300	10.176800	0.050000	20	0.020200	30.138814	0.468506	165
2.547000	1089.439000	1091.986000		12.733800	0.000000	1079.202300	10.186800	0.050000	20	0.020200	30.138814	0.468781	166
2.547000	1089.439000	1091.986000		12.743800	0.000000	1079.192300	10.196800	0.050000	20	0.020200	30.138814	0.469056	167
2.547000	1089.439000	1091.986000		12.753800	0.000000	1079.182300	10.206800	0.050000	20	0.020200	30.138814	0.469331	168
2.547000	1089.439000	1091.986000		12.763800	0.000000	1079.172300	10.216800	0.050000	20	0.020200	30.138814	0.469606	169
2.547000	1089.439000	1091.986000		12.773800	0.000000	1079.162300	10.226800	0.050000	20	0.020200	30.138814	0.469881	170
2.547000	1089.439000	1091.986000		12.783800	0.000000	1079.152300	10.236800	0.050000	20	0.020200	30.138814	0.470157	171
2.547000	1089.439000	1091.986000		12.793800	0.000000	1079.142300	10.246800	0.050000	20	0.020200	30.138814	0.470432	172
2.547000	1089.439000	1091.986000		12.803800	0.000000	1079.132300	10.256800	0.050000	20	0.020200	30.138814	0.470707	173
2.547000	1089.439000	1091.986000		12.813800	0.000000	1079.122300	10.266800	0.050000	20	0.020200	30.138814	0.470982	174
2.547000	1089.439000	1091.986000		12.823800	0.000000	1079.112300	10.276800	0.050000	20	0.020200	30.138814	0.471257	175
2.547000	1089.439000	1091.986000		12.833800	0.000000	1079.102300	10.286800	0.050000	20	0.020200	30.138814	0.471532	176
2.547000	1089.439000	1091.986000		12.843800	0.000000	1079.092300	10.296800	0.050000	20	0.020200	30.138814	0.471807	177
2.547000	1089.439000	1091.986000		12.853800	0.000000	1079.082300	10.306800	0.050000	20	0.020200	30.138814	0.472082	178
2.547000	1089.439000	1091.986000		12.863800	0.000000	1079.072300	10.316800	0.050000	20	0.020200	30.138814	0.472357	179
2.547000	1089.439000	1091.986000		12.873800	0.000000	1079.062300	10.326800	0.050000	20	0.020200	30.138814	0.472632	180
2.547000	1089.439000	1091.986000		12.883800	0.000000	1079.052300	10.336800	0.050000	20	0.020200	30.138814	0.472908	181
2.547000	1089.439000	1091.986000		12.893800	0.000000	1079.042300	10.346800	0.050000	20	0.020200	30.138814	0.473183	182
2.547000	1089.439000	1091.986000		12.903800	0.000000	1079.032300	10.356800	0.050000	20	0.020200	30.138814	0.473458	183
2.547000	1089.439000	1091.986000		12.913800	0.000000	1079.022300	10.366800	0.050000	20	0.020200	30.138814	0.473733	184
2.547000	1089.439000	1091.986000		12.923800	0.000000	1079.012300	10.376800	0.050000	20	0.020200	30.138814	0.474008	185
2.547000	1089.439000	1091.986000		12.933800	0.000000	1079.002300	10.386800	0.050000	20	0.020200	30.138814	0.474283	186
2.547000	1089.439000	1091.986000		12.943800	0.000000	1078.992300	10.396800	0.050000	20	0.020200	30.138814	0.474558	187
2.547000	1089.439000	1091.986000		12.953800	0.000000	1078.982300	10.406800	0.050000	20	0.020200	30.138814	0.474833	188
2.547000	1089.439000	1091.986000		12.963800	0.000000	1078.972300	10.416800	0.050000	20	0.020200	30.138814	0.475108	189
2.547000	1089.439000	1091.986000		12.973800	0.000000	1078.962300	10.426800	0.050000	20	0.020200	30.138814	0.475383	190
2.547000	1089.439000	1091.986000		12.983800	0.000000	1078.952300	10.436800	0.050000	20	0.020200	30.138814	0.475659	191
2.547000	1089.439000	1091.986000		12.993800	0.000000	1078.942300	10.446800	0.050000	20	0.020200	30.138814	0.475934	192
2.547000	1089.439000	1091.986000		13.003800	0.000000	1078.932300	10.456800	0.050000	20	0.020200	30.138814	0.476209	193
2.547000	1089.439000	1091.986000		13.013800	0.000000	1078.922300	10.466800	0.050000	20	0.020200	30.138814	0.476484	194
2.547000	1089.439000	1091.986000		13.023800	0.000000	1078.912300	10.476800	0.050000	20	0.020200	30.138814	0.476759	195
2.547000	1089.439000	1091.986000		13.033800	0.000000	1078.902300	10.486800	0.050000	20	0.020200	30.138814	0.477034	196
2.547000	1089.439000	1091.986000		13.043800	0.000000	1078.892300	10.496800	0.050000	20	0.020200	30.138814	0.477309	197
2.547000	1089.439000	1091.986000		13.053800	0.000000	1078.882300	10.506800	0.050000	20	0.020200	30.138814	0.477584	198
2.547000	1089.439000	1091.986000		13.063800	0.000000	1078.872300	10.516800	0.050000	20	0.020200	30.138814	0.477859	199
